application_id,age,income,employment_length,loan_amount,loan_duration_months,collateral_value,collateral_type,co_loaners,credit_score,existing_debt,assets_owned,DTI,LTV,CCR,ITI,CWI,session_flagged,created_at,employment_years,debt_to_income,credit_history_length,num_delinquencies,current_loans,requested_amount,loan_term_months,score,decision,top_feature,explanation,rule_reasons,proposed_loan_option,proposed_consolidation_loan
APP_0001,24,70782,29,63546,12,163193,deposit,0,331,43906,116139,0.6202989460597239,0.3893917018499544,2.5681081421332177,0.074814218297853,0.5954123142603193,False,:43:17,29,0.6202989460597239,20,0,3,63546,12,4.552089054874101e-103,denied,credit_score_vs_dti,Score=0.000 with DTI=0.62 and CS=331,"{""ndi_value_ok"": true, ""ndi_ratio_ok"": true}",,"{""type"": ""consolidation"", ""consolidate_amount"": 43906.0, ""term_months"": 36, ""apr"": 0.12, ""est_monthly"": 1365.96, ""secured_by"": ""collateral""}"
APP_0002,55,138572,23,79004,24,149447,car,0,557,3103,12177,0.0223926911641599,0.5286422611360514,1.8916383980557705,0.0237554003203832,0.8716722147780204,False,:43:17,23,0.0223926911641599,6,0,0,79004,24,4.3181137558615434e-19,denied,credit_score_vs_dti,Score=0.000 with DTI=0.02 and CS=557,"{""ndi_value_ok"": true, ""ndi_ratio_ok"": true}",,
APP_0003,49,86883,9,75209,48,115196,deposit,0,550,19876,21359,0.2287674228560221,0.6528785721726392,1.5316783895544213,0.0180340707230874,0.410047694587833,False,:43:17,9,0.2287674228560221,23,0,0,75209,48,5.074673308164761e-23,denied,credit_score_vs_dti,Score=0.000 with DTI=0.23 and CS=550,"{""ndi_value_ok"": true, ""ndi_ratio_ok"": true}",,
APP_0004,40,112463,29,17782,72,178189,deposit,1,442,22913,107477,0.203738118314466,0.0997929165099972,10.020751321560564,0.0021960308921048,2.1504017586191884,False,:43:17,29,0.203738118314466,9,0,4,17782,72,2.0643517537266666e-66,denied,credit_score_vs_dti,Score=0.000 with DTI=0.20 and CS=442,"{""ndi_value_ok"": true, ""ndi_ratio_ok"": true}",,"{""type"": ""consolidation"", ""consolidate_amount"": 22913.0, ""term_months"": 36, ""apr"": 0.12, ""est_monthly"": 712.85, ""secured_by"": ""collateral""}"
APP_0005,40,82177,14,83475,60,32627,land,0,370,39893,141794,0.485452133808724,2.5584638489593723,0.3908595387840624,0.0169299195635858,0.0,False,:43:17,14,0.485452133808724,6,0,0,83475,60,3.050963396444646e-87,denied,credit_score_vs_dti,Score=0.000 with DTI=0.49 and CS=370,"{""ndi_value_ok"": true, ""ndi_ratio_ok"": true}",,
APP_0006,58,58233,15,55926,60,184842,deposit,0,324,6451,241278,0.1107791115003501,0.3025611062420862,3.305117476665535,0.0160063881301744,1.8605316983448748,False,:43:17,15,0.1107791115003501,23,0,3,55926,60,2.1338267578165767e-108,denied,credit_score_vs_dti,Score=0.000 with DTI=0.11 and CS=324,"{""ndi_value_ok"": true, ""ndi_ratio_ok"": true}",,"{""type"": ""consolidation"", ""consolidate_amount"": 6451.0, ""term_months"": 36, ""apr"": 0.12, ""est_monthly"": 200.7, ""secured_by"": ""collateral""}"
APP_0007,24,120528,13,35692,48,171243,land,1,304,21702,48947,0.1800577459179594,0.2084289576800207,4.797797825843192,0.006169382494672,1.947127634117742,False,:43:17,13,0.1800577459179594,19,0,1,35692,48,1.5392393515841102e-112,denied,credit_score_vs_dti,Score=0.000 with DTI=0.18 and CS=304,"{""ndi_value_ok"": true, ""ndi_ratio_ok"": true}",,"{""type"": ""consolidation"", ""consolidate_amount"": 21702.0, ""term_months"": 36, ""apr"": 0.12, ""est_monthly"": 675.17, ""secured_by"": ""collateral""}"
APP_0008,51,146147,4,53851,12,104697,land,1,564,7616,253360,0.0521119147160047,0.514350936512025,1.9441978793336807,0.0307059558729179,0.8949939199708384,False,:43:17,4,0.0521119147160047,20,0,0,53851,12,1.0116281267287175e-21,denied,credit_score_vs_dti,Score=0.000 with DTI=0.05 and CS=564,"{""ndi_value_ok"": true, ""ndi_ratio_ok"": true}",,
APP_0009,29,57940,28,96863,36,148811,car,0,349,39381,78011,0.6796858819468299,0.6509129029439985,1.536303851831953,0.0464383653575095,0.1717856953080754,False,:43:17,28,0.6796858819468299,29,0,1,96863,36,7.238839990647518e-94,denied,credit_score_vs_dti,Score=0.000 with DTI=0.68 and CS=349,"{""ndi_value_ok"": true, ""ndi_ratio_ok"": true}",,"{""type"": ""consolidation"", ""consolidate_amount"": 39381.0, ""term_months"": 36, ""apr"": 0.12, ""est_monthly"": 1225.19, ""secured_by"": ""collateral""}"
APP_0010,25,122343,0,86469,72,107892,deposit,0,827,31614,50115,0.2584046492239011,0.8014403292180995,1.247753530166866,0.0098163224158034,0.1837328661101294,False,:43:17,0,0.2584046492239011,11,0,4,86469,72,1.0,approved,credit_score_vs_dti,Score=1.000 with DTI=0.26 and CS=827,"{""ndi_value_ok"": true, ""ndi_ratio_ok"": true}","{""type"": ""standard"", ""amount"": 86469.0, ""term_months"": 72, ""apr"": 0.1, ""est_monthly"": 1321.05}",
APP_0011,44,57642,5,84201,12,59602,land,2,434,24836,212968,0.4308663821518956,1.4127210496291835,0.7078538259640538,0.1217298150552574,0.0,False,:43:17,5,0.4308663821518956,25,0,2,84201,12,1.9056301322616062e-66,denied,credit_score_vs_dti,Score=0.000 with DTI=0.43 and CS=434,"{""ndi_value_ok"": true, ""ndi_ratio_ok"": true}",,"{""type"": ""consolidation"", ""consolidate_amount"": 24836.0, ""term_months"": 36, ""apr"": 0.12, ""est_monthly"": 772.68, ""secured_by"": ""collateral""}"
APP_0012,63,114611,6,48965,72,161575,deposit,0,658,19646,234557,0.1714146111629758,0.3030481200680779,3.2998059838659595,0.0059337187916953,1.7324524333022602,False,:43:17,6,0.1714146111629758,9,0,0,48965,72,0.9999999999890261,approved,credit_score_vs_dti,Score=1.000 with DTI=0.17 and CS=658,"{""ndi_value_ok"": true, ""ndi_ratio_ok"": true}","{""type"": ""standard"", ""amount"": 48965.0, ""term_months"": 72, ""apr"": 0.1, ""est_monthly"": 748.08}",
APP_0013,53,123625,8,79493,60,55216,car,1,670,7658,185424,0.061945399393326,1.43967328310632,0.6946020404312242,0.0107169531511526,0.0,False,:43:17,8,0.061945399393326,17,2,0,79493,60,1.0,approved,credit_score_vs_dti,Score=1.000 with DTI=0.06 and CS=670,"{""ndi_value_ok"": true, ""ndi_ratio_ok"": true}","{""type"": ""standard"", ""amount"": 79493.0, ""term_months"": 60, ""apr"": 0.1, ""est_monthly"": 1457.37}",
APP_0014,54,81170,3,41583,24,68374,deposit,1,572,46092,43554,0.5678452630282054,0.6081697721355982,1.6442777096409196,0.0213456326220005,0.2784276641466786,False,:43:17,3,0.5678452630282054,17,1,1,41583,24,4.918529890324935e-18,denied,credit_score_vs_dti,Score=0.000 with DTI=0.57 and CS=572,"{""ndi_value_ok"": true, ""ndi_ratio_ok"": true}",,"{""type"": ""consolidation"", ""consolidate_amount"": 46092.0, ""term_months"": 36, ""apr"": 0.12, ""est_monthly"": 1433.97, ""secured_by"": ""collateral""}"
APP_0015,52,117114,0,70185,60,107703,house,1,785,32383,43449,0.2765083593763318,0.6516531572936626,1.5345586663816837,0.0099881312224029,0.3867487265501015,False,:43:17,0,0.2765083593763318,6,0,4,70185,60,1.0,approved,credit_score_vs_dti,Score=1.000 with DTI=0.28 and CS=785,"{""ndi_value_ok"": true, ""ndi_ratio_ok"": true}","{""type"": ""standard"", ""amount"": 70185.0, ""term_months"": 60, ""apr"": 0.1, ""est_monthly"": 1286.72}",
APP_0016,55,59030,20,65758,72,168777,house,0,360,15957,123118,0.270320176181598,0.3896146986852451,2.5666382797529947,0.015471888116938,1.1431443439573448,False,:43:17,20,0.270320176181598,5,1,0,65758,72,4.195889775903259e-93,denied,credit_score_vs_dti,Score=0.000 with DTI=0.27 and CS=360,"{""ndi_value_ok"": true, ""ndi_ratio_ok"": true}",,
APP_0017,43,34906,29,28730,12,81713,land,0,428,20696,140674,0.5929066636108236,0.3515964412027418,2.8441698572919303,0.0685889722817591,0.7507492600733424,False,:43:17,29,0.5929066636108236,6,0,2,28730,12,2.4959470766382656e-72,denied,credit_score_vs_dti,Score=0.000 with DTI=0.59 and CS=428,"{""ndi_value_ok"": true, ""ndi_ratio_ok"": true}",,"{""type"": ""consolidation"", ""consolidate_amount"": 20696.0, ""term_months"": 48, ""apr"": 0.14, ""est_monthly"": 491.53, ""secured_by"": ""collateral""}"
APP_0018,26,37048,3,30314,12,102875,land,0,438,36309,299596,0.9800529043402888,0.2946682867557686,3.3936464999669,0.0681863168445283,0.0422079574677317,False,:43:17,3,0.9800529043402888,20,0,1,30314,12,3.930501209216606e-71,denied,credit_score_vs_dti,Score=0.000 with DTI=0.98 and CS=438,"{""ndi_value_ok"": true, ""ndi_ratio_ok"": true}",,"{""type"": ""consolidation"", ""consolidate_amount"": 36309.0, ""term_months"": 48, ""apr"": 0.14, ""est_monthly"": 862.34, ""secured_by"": ""collateral""}"
APP_0019,57,80877,8,10807,48,15999,deposit,0,374,35978,93077,0.4448483499635193,0.6754797174823004,1.4804293513462126,0.0027838054493692,0.266711147125892,False,:43:17,8,0.4448483499635193,18,0,0,10807,48,1.5306726567783568e-90,denied,credit_score_vs_dti,Score=0.000 with DTI=0.44 and CS=374,"{""ndi_value_ok"": true, ""ndi_ratio_ok"": true}",,
APP_0020,40,137825,15,18277,72,30244,car,2,462,23054,65851,0.1672700888808259,0.6043182118767159,1.6547573452972777,0.0018418082511786,0.5452360259541016,False,:43:17,15,0.1672700888808259,28,0,3,18277,72,2.5928116386896235e-57,denied,credit_score_vs_dti,Score=0.000 with DTI=0.17 and CS=462,"{""ndi_value_ok"": true, ""ndi_ratio_ok"": true}",,"{""type"": ""consolidation"", ""consolidate_amount"": 23054.0, ""term_months"": 36, ""apr"": 0.12, ""est_monthly"": 717.24, ""secured_by"": ""collateral""}"
APP_0021,43,40947,27,46193,12,18741,land,0,471,15145,284311,0.3698683664248817,2.4648097753587077,0.4057108219860064,0.094009736155171,0.0,False,:43:17,27,0.3698683664248817,21,0,2,46193,12,1.5410156865978605e-57,denied,credit_score_vs_dti,Score=0.000 with DTI=0.37 and CS=471,"{""ndi_value_ok"": true, ""ndi_ratio_ok"": true}",,"{""type"": ""consolidation"", ""consolidate_amount"": 15145.0, ""term_months"": 48, ""apr"": 0.14, ""est_monthly"": 359.69, ""secured_by"": ""collateral""}"
APP_0022,37,81972,20,50398,48,21835,land,0,720,32997,54649,0.4025398916703215,2.308129150446425,0.4332513194967968,0.0128087436357713,0.0,False,:43:17,20,0.4025398916703215,7,0,0,50398,48,1.0,approved,credit_score_vs_dti,Score=1.000 with DTI=0.40 and CS=720,"{""ndi_value_ok"": true, ""ndi_ratio_ok"": true}","{""type"": ""standard"", ""amount"": 50398.0, ""term_months"": 48, ""apr"": 0.1, ""est_monthly"": 1154.95}",
APP_0023,29,113004,22,20686,12,174755,deposit,0,465,32911,17656,0.2912374783193489,0.1183714342937248,8.447984143865007,0.015254622253988,1.8745958562470253,False,:43:17,22,0.2912374783193489,27,1,4,20686,12,1.0208228873979326e-56,denied,credit_score_vs_dti,Score=0.000 with DTI=0.29 and CS=465,"{""ndi_value_ok"": true, ""ndi_ratio_ok"": true}",,"{""type"": ""consolidation"", ""consolidate_amount"": 32911.0, ""term_months"": 36, ""apr"": 0.12, ""est_monthly"": 1023.9, ""secured_by"": ""collateral""}"
APP_0024,61,50295,17,44604,48,169662,land,2,782,29984,132612,0.5961626404215012,0.2628991760087688,3.80373957492593,0.018475991648884,0.8930065515112635,False,:43:17,17,0.5961626404215012,28,0,3,44604,48,1.0,approved,credit_score_vs_dti,Score=1.000 with DTI=0.60 and CS=782,"{""ndi_value_ok"": true, ""ndi_ratio_ok"": true}","{""type"": ""standard"", ""amount"": 44604.0, ""term_months"": 48, ""apr"": 0.1, ""est_monthly"": 1022.18}",
APP_0025,55,115202,12,62396,48,165802,car,0,724,3642,126313,0.0316140344785678,0.3763283916961172,2.6572536701070155,0.0112838029430007,1.6048611954405403,False,:43:17,12,0.0316140344785678,21,0,2,62396,48,1.0,approved,credit_score_vs_dti,Score=1.000 with DTI=0.03 and CS=724,"{""ndi_value_ok"": true, ""ndi_ratio_ok"": true}","{""type"": ""standard"", ""amount"": 62396.0, ""term_months"": 48, ""apr"": 0.1, ""est_monthly"": 1429.91}",
APP_0026,49,63244,5,27094,12,18669,deposit,0,795,23639,189703,0.3737745873126245,1.4512828753547886,0.6890455451391198,0.0357003562890573,0.0,False,:43:17,5,0.3737745873126245,20,0,2,27094,12,1.0,approved,credit_score_vs_dti,Score=1.000 with DTI=0.37 and CS=795,"{""ndi_value_ok"": true, ""ndi_ratio_ok"": true}","{""type"": ""standard"", ""amount"": 27094.0, ""term_months"": 12, ""apr"": 0.1, ""est_monthly"": 2483.62}",
APP_0027,38,126082,25,37132,60,22907,house,0,357,30695,264543,0.2434526736568245,1.6209892172697593,0.6169072498114668,0.0049084458261793,0.0,False,:43:17,25,0.2434526736568245,3,1,2,37132,60,4.533073688557802e-96,denied,credit_score_vs_dti,Score=0.000 with DTI=0.24 and CS=357,"{""ndi_value_ok"": true, ""ndi_ratio_ok"": true}",,"{""type"": ""consolidation"", ""consolidate_amount"": 30695.0, ""term_months"": 36, ""apr"": 0.12, ""est_monthly"": 954.96, ""secured_by"": ""collateral""}"
APP_0028,57,97402,24,39913,72,61877,deposit,0,841,47503,280541,0.4877004578961367,0.6450377361539725,1.5502968957482135,0.0056913330549117,0.2819168477130083,False,:43:17,24,0.4877004578961367,2,0,4,39913,72,1.0,approved,credit_score_vs_dti,Score=1.000 with DTI=0.49 and CS=841,"{""ndi_value_ok"": true, ""ndi_ratio_ok"": true}","{""type"": ""standard"", ""amount"": 39913.0, ""term_months"": 72, ""apr"": 0.1, ""est_monthly"": 609.78}",
APP_0029,44,93363,0,52980,72,116536,house,0,637,26278,93995,0.2814605357582738,0.454623463993955,2.1996224990562063,0.0078814234045939,0.8619761077641869,False,:43:17,0,0.2814605357582738,7,0,0,52980,72,0.9999980662902936,approved,credit_score_vs_dti,Score=1.000 with DTI=0.28 and CS=637,"{""ndi_value_ok"": true, ""ndi_ratio_ok"": true}","{""type"": ""standard"", ""amount"": 52980.0, ""term_months"": 72, ""apr"": 0.1, ""est_monthly"": 809.42}",
APP_0030,40,47096,21,39807,12,72152,car,0,840,17135,294438,0.3638313232546211,0.5517102783013561,1.812545532192785,0.0704359181188103,0.5169160160104784,False,:43:17,21,0.3638313232546211,13,0,0,39807,12,1.0,approved,credit_score_vs_dti,Score=1.000 with DTI=0.36 and CS=840,"{""ndi_value_ok"": true, ""ndi_ratio_ok"": true}","{""type"": ""standard"", ""amount"": 39807.0, ""term_months"": 12, ""apr"": 0.1, ""est_monthly"": 3648.98}",
APP_0031,40,82900,2,75009,24,101611,deposit,0,495,27789,193471,0.3352110977080779,0.7381976360827003,1.3546507752402863,0.0377005428211066,0.2357678995689845,False,:43:17,2,0.3352110977080779,2,0,0,75009,24,5.327239927442356e-45,denied,credit_score_vs_dti,Score=0.000 with DTI=0.34 and CS=495,"{""ndi_value_ok"": true, ""ndi_ratio_ok"": true}",,
APP_0032,30,132076,22,36112,24,41214,land,0,824,8861,30195,0.0670901602107872,0.8762071140874248,1.1412826761187105,0.0113924306202789,0.1318039987429455,False,:43:17,22,0.0670901602107872,26,0,4,36112,24,1.0,approved,credit_score_vs_dti,Score=1.000 with DTI=0.07 and CS=824,"{""ndi_value_ok"": true, ""ndi_ratio_ok"": true}","{""type"": ""standard"", ""amount"": 36112.0, ""term_months"": 24, ""apr"": 0.1, ""est_monthly"": 1655.13}",
APP_0033,25,27440,24,46220,36,148309,deposit,0,623,4534,282149,0.1652332361515974,0.3116466296718317,3.208762440501878,0.0467889536754073,1.7238435459989585,False,:43:17,24,0.1652332361515974,14,2,2,46220,36,5.270902270570432e-05,denied,credit_score_vs_dti,Score=0.000 with DTI=0.17 and CS=623,"{""ndi_value_ok"": true, ""ndi_ratio_ok"": true}",,"{""type"": ""consolidation"", ""consolidate_amount"": 4534.0, ""term_months"": 48, ""apr"": 0.14, ""est_monthly"": 107.68, ""secured_by"": ""collateral""}"
APP_0034,45,119814,3,41049,12,68267,land,0,339,33904,50019,0.2829719398400831,0.6013007748985513,1.6630612195180965,0.0285505032777046,0.4754334999983574,False,:43:17,3,0.2829719398400831,20,0,3,41049,12,2.7289263350842537e-99,denied,credit_score_vs_dti,Score=0.000 with DTI=0.28 and CS=339,"{""ndi_value_ok"": true, ""ndi_ratio_ok"": true}",,"{""type"": ""consolidation"", ""consolidate_amount"": 33904.0, ""term_months"": 36, ""apr"": 0.12, ""est_monthly"": 1054.79, ""secured_by"": ""collateral""}"
APP_0035,60,86595,13,22377,72,20775,land,0,525,49309,180692,0.5694208672556086,1.0771119133573488,0.928408633865088,0.0035890255403007,0.0,False,:43:17,13,0.5694208672556086,6,1,0,22377,72,1.0513645928212533e-37,denied,credit_score_vs_dti,Score=0.000 with DTI=0.57 and CS=525,"{""ndi_value_ok"": true, ""ndi_ratio_ok"": true}",,
APP_0036,23,114932,3,70145,60,150596,car,0,375,42300,239314,0.3680437128040896,0.4657826237084619,2.146924228384031,0.0101719567510687,0.7248059770646199,False,:43:17,3,0.3680437128040896,9,0,0,70145,60,8.277798916517264e-88,denied,credit_score_vs_dti,Score=0.000 with DTI=0.37 and CS=375,"{""ndi_value_ok"": true, ""ndi_ratio_ok"": true}",,
APP_0037,58,107912,17,27367,60,181335,house,0,817,29183,82337,0.2704333160352855,0.1509195687539628,6.626045967771161,0.0042267464847195,1.8583823839305036,False,:43:17,17,0.2704333160352855,3,0,1,27367,60,1.0,approved,credit_score_vs_dti,Score=1.000 with DTI=0.27 and CS=817,"{""ndi_value_ok"": true, ""ndi_ratio_ok"": true}","{""type"": ""standard"", ""amount"": 27367.0, ""term_months"": 60, ""apr"": 0.1, ""est_monthly"": 501.73}",
APP_0038,57,79011,27,33203,24,10819,house,0,467,2012,88483,0.0254648086975228,3.0689527682777458,0.3258440502364146,0.0175096927424747,0.0,False,:43:17,27,0.0254648086975228,22,0,2,33203,24,4.729241209602616e-56,denied,credit_score_vs_dti,Score=0.000 with DTI=0.03 and CS=467,"{""ndi_value_ok"": true, ""ndi_ratio_ok"": true}",,"{""type"": ""consolidation"", ""consolidate_amount"": 2012.0, ""term_months"": 36, ""apr"": 0.12, ""est_monthly"": 62.6, ""secured_by"": ""collateral""}"
APP_0039,33,63583,2,80311,12,91841,car,0,422,49398,148091,0.7769057767013073,0.8744569418886894,1.1435668837394486,0.1052574325334682,0.0320289424192712,False,:43:17,2,0.7769057767013073,23,0,1,80311,12,5.012481692827109e-70,denied,credit_score_vs_dti,Score=0.000 with DTI=0.78 and CS=422,"{""ndi_value_ok"": true, ""ndi_ratio_ok"": true}",,"{""type"": ""consolidation"", ""consolidate_amount"": 49398.0, ""term_months"": 36, ""apr"": 0.12, ""est_monthly"": 1536.83, ""secured_by"": ""collateral""}"
APP_0040,48,103413,11,95141,72,166817,house,0,604,22481,266606,0.2173904634813783,0.570331560932036,1.7533660566947815,0.0127779174548597,0.5895914604587777,False,:43:17,11,0.2173904634813783,6,0,0,95141,72,4.635812808979166e-06,denied,credit_score_vs_dti,Score=0.000 with DTI=0.22 and CS=604,"{""ndi_value_ok"": true, ""ndi_ratio_ok"": true}",,
APP_0041,28,42528,29,68730,24,143583,land,0,533,14483,74844,0.3405521068472456,0.4786778379055983,2.089087734613676,0.0673379890867336,0.7181966120495087,False,:43:17,29,0.3405521068472456,21,1,2,68730,24,1.679383460681866e-31,denied,credit_score_vs_dti,Score=0.000 with DTI=0.34 and CS=533,"{""ndi_value_ok"": true, ""ndi_ratio_ok"": true}",,"{""type"": ""consolidation"", ""consolidate_amount"": 14483.0, ""term_months"": 48, ""apr"": 0.14, ""est_monthly"": 343.97, ""secured_by"": ""collateral""}"
APP_0042,54,98012,9,92053,48,172457,deposit,0,353,44624,202401,0.4552911888340156,0.5337736363267335,1.873453336664727,0.019566694213906,0.4757777286236148,False,:43:17,9,0.4552911888340156,2,1,3,92053,48,7.303217125297554e-94,denied,credit_score_vs_dti,Score=0.000 with DTI=0.46 and CS=353,"{""ndi_value_ok"": true, ""ndi_ratio_ok"": true}",,"{""type"": ""consolidation"", ""consolidate_amount"": 44624.0, ""term_months"": 36, ""apr"": 0.12, ""est_monthly"": 1388.3, ""secured_by"": ""collateral""}"
APP_0043,51,36836,3,86148,72,87720,deposit,1,749,37320,141251,1.0131393202301822,0.9820793433652418,1.01824766680595,0.0324818112711301,0.0,False,:43:17,3,1.0131393202301822,11,0,1,86148,72,1.0,approved,credit_score_vs_dti,Score=1.000 with DTI=1.01 and CS=749,"{""ndi_value_ok"": true, ""ndi_ratio_ok"": true}","{""type"": ""standard"", ""amount"": 86148.0, ""term_months"": 72, ""apr"": 0.1, ""est_monthly"": 1316.15}",
APP_0044,36,106230,14,50686,12,79474,car,0,765,37480,42434,0.3528193542313814,0.6377683267483625,1.5679674860908028,0.0397612099499322,0.3675775644238456,False,:43:17,14,0.3528193542313814,4,0,1,50686,12,1.0,approved,credit_score_vs_dti,Score=1.000 with DTI=0.35 and CS=765,"{""ndi_value_ok"": true, ""ndi_ratio_ok"": true}","{""type"": ""standard"", ""amount"": 50686.0, ""term_months"": 12, ""apr"": 0.1, ""est_monthly"": 4646.22}",
APP_0045,23,103593,15,78177,12,144161,deposit,0,708,13887,216154,0.1340534592105631,0.5422895235188397,1.844033411361374,0.0628879364383408,0.7308878128791069,False,:43:17,15,0.1340534592105631,22,0,3,78177,12,1.0,approved,credit_score_vs_dti,Score=1.000 with DTI=0.13 and CS=708,"{""ndi_value_ok"": true, ""ndi_ratio_ok"": true}","{""type"": ""standard"", ""amount"": 78177.0, ""term_months"": 12, ""apr"": 0.1, ""est_monthly"": 7166.23}",
APP_0046,63,35555,19,36194,12,37493,deposit,0,639,49590,251433,1.3947405428209425,0.965353532659404,1.0358899265071273,0.0848310129775062,0.0,False,:43:17,19,1.3947405428209425,10,0,3,36194,12,0.9859148404070184,approved,credit_score_vs_dti,Score=0.986 with DTI=1.39 and CS=639,"{""ndi_value_ok"": true, ""ndi_ratio_ok"": true}","{""type"": ""standard"", ""amount"": 36194.0, ""term_months"": 12, ""apr"": 0.1, ""est_monthly"": 3317.78}",
APP_0047,40,119685,9,48747,12,53968,deposit,0,521,22643,176933,0.1891882859171977,0.903257485917564,1.107104026914454,0.0339411789251906,0.0868411996477107,False,:43:17,9,0.1891882859171977,14,0,1,48747,12,1.861625569393237e-36,denied,credit_score_vs_dti,Score=0.000 with DTI=0.19 and CS=521,"{""ndi_value_ok"": true, ""ndi_ratio_ok"": true}",,"{""type"": ""consolidation"", ""consolidate_amount"": 22643.0, ""term_months"": 36, ""apr"": 0.12, ""est_monthly"": 704.45, ""secured_by"": ""collateral""}"
APP_0048,60,76975,28,55866,12,123361,car,0,598,26570,61143,0.3451770055212686,0.4528659787128796,2.2081588085776285,0.0604806755389669,0.791130168838676,False,:43:17,28,0.3451770055212686,13,0,4,55866,12,1.8523934261082715e-08,denied,credit_score_vs_dti,Score=0.000 with DTI=0.35 and CS=598,"{""ndi_value_ok"": true, ""ndi_ratio_ok"": true}",,"{""type"": ""consolidation"", ""consolidate_amount"": 26570.0, ""term_months"": 36, ""apr"": 0.12, ""est_monthly"": 826.62, ""secured_by"": ""collateral""}"
APP_0049,50,123360,15,96246,60,136343,car,1,586,37547,55160,0.3043693255512297,0.7059108278386078,1.416609521434642,0.0130034046690438,0.2898063623773719,False,:43:17,15,0.3043693255512297,14,2,3,96246,60,1.6439448083307616e-08,denied,credit_score_vs_dti,Score=0.000 with DTI=0.30 and CS=586,"{""ndi_value_ok"": true, ""ndi_ratio_ok"": true}",,"{""type"": ""consolidation"", ""consolidate_amount"": 37547.0, ""term_months"": 36, ""apr"": 0.12, ""est_monthly"": 1168.13, ""secured_by"": ""collateral""}"
APP_0050,55,30201,8,85613,48,30977,deposit,1,390,32999,132813,1.09264593887616,2.7637602091873723,0.3618258909277754,0.0590577850610724,0.0,False,:43:17,8,1.09264593887616,7,0,0,85613,48,3.976114636287763e-81,denied,credit_score_vs_dti,Score=0.000 with DTI=1.09 and CS=390,"{""ndi_value_ok"": true, ""ndi_ratio_ok"": true}",,
APP_0051,54,47432,28,51479,72,105595,house,0,344,8614,156861,0.1816073536852719,0.48751361333396,2.0512247712659133,0.0150739186857219,0.8603146224279291,False,:43:17,28,0.1816073536852719,16,0,1,51479,72,2.944274856165541e-100,denied,credit_score_vs_dti,Score=0.000 with DTI=0.18 and CS=344,"{""ndi_value_ok"": true, ""ndi_ratio_ok"": true}",,"{""type"": ""consolidation"", ""consolidate_amount"": 8614.0, ""term_months"": 48, ""apr"": 0.14, ""est_monthly"": 204.58, ""secured_by"": ""collateral""}"
APP_0052,29,86748,27,66995,60,78064,car,0,439,15124,170133,0.1743440770968763,0.8582060873129629,1.1652212851705177,0.0128715743684547,0.136415932690727,False,:43:17,27,0.1743440770968763,24,0,4,66995,60,9.357616033665088e-65,denied,credit_score_vs_dti,Score=0.000 with DTI=0.17 and CS=439,"{""ndi_value_ok"": true, ""ndi_ratio_ok"": true}",,"{""type"": ""consolidation"", ""consolidate_amount"": 15124.0, ""term_months"": 36, ""apr"": 0.12, ""est_monthly"": 470.52, ""secured_by"": ""collateral""}"
APP_0053,37,48528,14,24223,72,104334,house,0,549,18059,80660,0.3721356742499099,0.2321678455728695,4.307228666969231,0.0069327100962511,1.4462832537858878,False,:43:17,14,0.3721356742499099,14,0,2,24223,72,5.731905409327109e-29,denied,credit_score_vs_dti,Score=0.000 with DTI=0.37 and CS=549,"{""ndi_value_ok"": true, ""ndi_ratio_ok"": true}",,"{""type"": ""consolidation"", ""consolidate_amount"": 18059.0, ""term_months"": 48, ""apr"": 0.14, ""est_monthly"": 428.9, ""secured_by"": ""collateral""}"
APP_0054,41,66232,0,81417,24,192018,deposit,0,388,47376,155222,0.7153037806498261,0.4240071243320917,2.358450937764811,0.0512195766375558,0.3867458461543449,False,:43:17,0,0.7153037806498261,5,1,1,81417,24,1.699444992598792e-82,denied,credit_score_vs_dti,Score=0.000 with DTI=0.72 and CS=388,"{""ndi_value_ok"": true, ""ndi_ratio_ok"": true}",,"{""type"": ""consolidation"", ""consolidate_amount"": 47376.0, ""term_months"": 36, ""apr"": 0.12, ""est_monthly"": 1473.92, ""secured_by"": ""collateral""}"
APP_0055,42,107574,17,57538,24,22709,land,0,358,35725,95572,0.3320969751055057,2.5337091021179914,0.3946782995585458,0.0222862091822071,0.0,False,:43:17,17,0.3320969751055057,0,0,3,57538,24,4.41814387987291e-92,denied,credit_score_vs_dti,Score=0.000 with DTI=0.33 and CS=358,"{""ndi_value_ok"": true, ""ndi_ratio_ok"": true}",,"{""type"": ""consolidation"", ""consolidate_amount"": 35725.0, ""term_months"": 36, ""apr"": 0.12, ""est_monthly"": 1111.44, ""secured_by"": ""collateral""}"
APP_0056,22,43065,16,55608,72,199129,house,0,768,18316,208987,0.4253105770347051,0.2792561605793215,3.580941591137901,0.0179341305775592,1.2426115835473823,False,:43:17,16,0.4253105770347051,3,2,1,55608,72,1.0,approved,credit_score_vs_dti,Score=1.000 with DTI=0.43 and CS=768,"{""ndi_value_ok"": true, ""ndi_ratio_ok"": true}","{""type"": ""standard"", ""amount"": 55608.0, ""term_months"": 72, ""apr"": 0.1, ""est_monthly"": 849.57}",
APP_0057,45,109712,4,77796,24,94319,house,0,506,36736,240977,0.3348403091731047,0.8248179051940666,1.2123888117640853,0.0295455374057979,0.1412724763681063,False,:43:17,4,0.3348403091731047,2,0,2,77796,24,5.932134954571881e-41,denied,credit_score_vs_dti,Score=0.000 with DTI=0.33 and CS=506,"{""ndi_value_ok"": true, ""ndi_ratio_ok"": true}",,"{""type"": ""consolidation"", ""consolidate_amount"": 36736.0, ""term_months"": 36, ""apr"": 0.12, ""est_monthly"": 1142.9, ""secured_by"": ""collateral""}"
APP_0058,27,37925,19,65127,12,156244,land,1,621,36925,199279,0.9736321687540944,0.4168288062261564,2.3990664394183305,0.1431048121172732,0.036890347776393,False,:43:17,19,0.9736321687540944,2,0,3,65127,12,0.007787980172335189,denied,credit_score_vs_dti,Score=0.008 with DTI=0.97 and CS=621,"{""ndi_value_ok"": true, ""ndi_ratio_ok"": true}",,"{""type"": ""consolidation"", ""consolidate_amount"": 36925.0, ""term_months"": 48, ""apr"": 0.14, ""est_monthly"": 876.97, ""secured_by"": ""collateral""}"
APP_0059,53,46898,25,11884,60,89498,land,0,588,19711,10361,0.420295108533404,0.1327850901696112,7.530966004711584,0.0042233499651021,1.508186175544318,False,:43:17,25,0.420295108533404,3,0,0,11884,60,4.470187280584601e-15,denied,credit_score_vs_dti,Score=0.000 with DTI=0.42 and CS=588,"{""ndi_value_ok"": true, ""ndi_ratio_ok"": true}",,
APP_0060,51,98455,3,32374,60,67704,deposit,0,704,20157,297692,0.2047331268092,0.4781696797825759,2.091307839624325,0.0054803378869297,0.8678809733066806,False,:43:17,3,0.2047331268092,17,0,4,32374,60,1.0,approved,credit_score_vs_dti,Score=1.000 with DTI=0.20 and CS=704,"{""ndi_value_ok"": true, ""ndi_ratio_ok"": true}","{""type"": ""standard"", ""amount"": 32374.0, ""term_months"": 60, ""apr"": 0.1, ""est_monthly"": 593.52}",
APP_0061,61,124185,21,21788,72,155955,car,1,706,44714,16892,0.3600595885171287,0.1397069667532292,7.157839177528587,0.0024367766727616,1.6516088330753578,False,:43:17,21,0.3600595885171287,24,0,3,21788,72,1.0,approved,credit_score_vs_dti,Score=1.000 with DTI=0.36 and CS=706,"{""ndi_value_ok"": true, ""ndi_ratio_ok"": true}","{""type"": ""standard"", ""amount"": 21788.0, ""term_months"": 72, ""apr"": 0.1, ""est_monthly"": 332.87}",
APP_0062,53,46324,4,74814,72,140031,deposit,0,462,28090,299832,0.6063811415248984,0.5342674122158627,1.8717218702381653,0.0224307774224781,0.3431261674709354,False,:43:17,4,0.6063811415248984,25,1,3,74814,72,2.670743214150449e-59,denied,credit_score_vs_dti,Score=0.000 with DTI=0.61 and CS=462,"{""ndi_value_ok"": true, ""ndi_ratio_ok"": true}",,"{""type"": ""consolidation"", ""consolidate_amount"": 28090.0, ""term_months"": 48, ""apr"": 0.14, ""est_monthly"": 667.14, ""secured_by"": ""collateral""}"
APP_0063,37,62499,22,8338,12,35659,car,0,766,7475,19214,0.1196019136306161,0.2338259625900829,4.276685056367921,0.0111175112125861,2.023614469084787,False,:43:17,22,0.1196019136306161,19,0,2,8338,12,1.0,approved,credit_score_vs_dti,Score=1.000 with DTI=0.12 and CS=766,"{""ndi_value_ok"": true, ""ndi_ratio_ok"": true}","{""type"": ""standard"", ""amount"": 8338.0, ""term_months"": 12, ""apr"": 0.12, ""est_monthly"": 778.21}",
APP_0064,63,140640,12,24228,60,143438,deposit,0,504,35989,159773,0.2558944823663235,0.168909215131275,5.92034010236066,0.0028711604095084,1.855257716025963,False,:43:17,12,0.2558944823663235,18,0,1,24228,60,5.04219925780428e-44,denied,credit_score_vs_dti,Score=0.000 with DTI=0.26 and CS=504,"{""ndi_value_ok"": true, ""ndi_ratio_ok"": true}",,"{""type"": ""consolidation"", ""consolidate_amount"": 35989.0, ""term_months"": 36, ""apr"": 0.12, ""est_monthly"": 1119.66, ""secured_by"": ""collateral""}"
APP_0065,39,148710,0,61757,72,152590,house,1,759,29478,40731,0.1982247327012292,0.4047250802804876,2.470813025244062,0.005767844200788,1.1792615064615897,False,:43:17,0,0.1982247327012292,9,0,3,61757,72,1.0,approved,credit_score_vs_dti,Score=1.000 with DTI=0.20 and CS=759,"{""ndi_value_ok"": true, ""ndi_ratio_ok"": true}","{""type"": ""standard"", ""amount"": 61757.0, ""term_months"": 72, ""apr"": 0.1, ""est_monthly"": 943.51}",
APP_0066,35,97632,28,71005,60,82465,house,0,522,25446,37607,0.26063176007866,0.8610319529497258,1.1613970847123278,0.0121211966020047,0.1193318784522086,False,:43:17,28,0.26063176007866,27,0,0,71005,60,5.205903529786794e-33,denied,credit_score_vs_dti,Score=0.000 with DTI=0.26 and CS=522,"{""ndi_value_ok"": true, ""ndi_ratio_ok"": true}",,
APP_0067,60,80879,4,52813,60,185724,house,0,361,36255,208184,0.4482622188701585,0.284362817944906,3.51663416204337,0.0108831299429021,1.18453221276327,False,:43:17,4,0.4482622188701585,19,1,2,52813,60,1.4071087050249644e-94,denied,credit_score_vs_dti,Score=0.000 with DTI=0.45 and CS=361,"{""ndi_value_ok"": true, ""ndi_ratio_ok"": true}",,"{""type"": ""consolidation"", ""consolidate_amount"": 36255.0, ""term_months"": 36, ""apr"": 0.12, ""est_monthly"": 1127.93, ""secured_by"": ""collateral""}"
APP_0068,37,68358,17,86768,72,131050,car,0,718,45354,221074,0.6634775739489063,0.6620984357115554,1.5103494375806574,0.0176294085709698,0.1717440308684605,False,:43:17,17,0.6634775739489063,21,0,0,86768,72,1.0,approved,credit_score_vs_dti,Score=1.000 with DTI=0.66 and CS=718,"{""ndi_value_ok"": true, ""ndi_ratio_ok"": true}","{""type"": ""standard"", ""amount"": 86768.0, ""term_months"": 72, ""apr"": 0.1, ""est_monthly"": 1325.62}",
APP_0069,24,101556,5,92299,36,72056,deposit,0,316,16521,44288,0.1626787191303304,1.2809342733429376,0.7806801807170091,0.0252457866698163,0.0,False,:43:17,5,0.1626787191303304,22,1,0,92299,36,7.033372501595046e-104,denied,credit_score_vs_dti,Score=0.000 with DTI=0.16 and CS=316,"{""ndi_value_ok"": true, ""ndi_ratio_ok"": true}",,
APP_0070,41,98864,27,17549,12,10059,house,0,724,20965,293232,0.2120589901278502,1.7446068197632223,0.5731950538491895,0.0147922061270511,0.0,False,:43:17,27,0.2120589901278502,25,0,1,17549,12,1.0,approved,credit_score_vs_dti,Score=1.000 with DTI=0.21 and CS=724,"{""ndi_value_ok"": true, ""ndi_ratio_ok"": true}","{""type"": ""standard"", ""amount"": 17549.0, ""term_months"": 12, ""apr"": 0.12, ""est_monthly"": 1637.91}",
APP_0071,56,61844,22,95488,36,137592,car,0,323,9474,102933,0.153191902205547,0.6939938368509747,1.440934986595159,0.0428892769609133,0.3733873172496843,False,:43:17,22,0.153191902205547,21,0,4,95488,36,2.4049106478557064e-103,denied,credit_score_vs_dti,Score=0.000 with DTI=0.15 and CS=323,"{""ndi_value_ok"": true, ""ndi_ratio_ok"": true}",,"{""type"": ""consolidation"", ""consolidate_amount"": 9474.0, ""term_months"": 36, ""apr"": 0.12, ""est_monthly"": 294.75, ""secured_by"": ""collateral""}"
APP_0072,29,27850,24,63366,24,48139,house,0,413,32353,102314,1.1616876122082167,1.3163131764265708,0.7596976296436455,0.0948025134610375,0.0,False,:43:17,24,1.1616876122082167,27,0,0,63366,24,2.106407537912761e-74,denied,credit_score_vs_dti,Score=0.000 with DTI=1.16 and CS=413,"{""ndi_value_ok"": true, ""ndi_ratio_ok"": true}",,
APP_0073,41,43937,12,65440,12,153253,deposit,0,631,20135,96123,0.4582697953888418,0.4270063228778528,2.34188569682148,0.1241171070596254,0.7269400131038987,False,:43:17,12,0.4582697953888418,16,0,1,65440,12,0.9992810105081957,approved,credit_score_vs_dti,Score=0.999 with DTI=0.46 and CS=631,"{""ndi_value_ok"": true, ""ndi_ratio_ok"": true}","{""type"": ""standard"", ""amount"": 65440.0, ""term_months"": 12, ""apr"": 0.1, ""est_monthly"": 5998.67}",
APP_0074,26,144819,14,14034,12,108816,land,1,817,17118,143750,0.1182027220185188,0.1289700044111148,7.753740914920353,0.0080755978145307,2.304215637451501,False,:43:17,14,0.1182027220185188,16,0,0,14034,12,1.0,approved,credit_score_vs_dti,Score=1.000 with DTI=0.12 and CS=817,"{""ndi_value_ok"": true, ""ndi_ratio_ok"": true}","{""type"": ""standard"", ""amount"": 14034.0, ""term_months"": 12, ""apr"": 0.12, ""est_monthly"": 1309.84}",
APP_0075,51,77269,19,64077,60,97611,deposit,0,524,34826,61571,0.4507111519496764,0.6564526539017052,1.5233391076361016,0.0138211960809922,0.2874643355731326,False,:43:17,19,0.4507111519496764,7,1,2,64077,60,9.41327938177181e-34,denied,credit_score_vs_dti,Score=0.000 with DTI=0.45 and CS=524,"{""ndi_value_ok"": true, ""ndi_ratio_ok"": true}",,"{""type"": ""consolidation"", ""consolidate_amount"": 34826.0, ""term_months"": 36, ""apr"": 0.12, ""est_monthly"": 1083.48, ""secured_by"": ""collateral""}"
APP_0076,41,85287,23,73942,48,39440,land,1,366,20407,133185,0.2392744497989114,1.8747971602433604,0.5333910362175687,0.018062053223835,0.0,False,:43:17,23,0.2392744497989114,28,0,4,73942,48,3.3197909653955644e-89,denied,credit_score_vs_dti,Score=0.000 with DTI=0.24 and CS=366,"{""ndi_value_ok"": true, ""ndi_ratio_ok"": true}",,"{""type"": ""consolidation"", ""consolidate_amount"": 20407.0, ""term_months"": 36, ""apr"": 0.12, ""est_monthly"": 634.88, ""secured_by"": ""collateral""}"
APP_0077,35,83388,25,60175,48,144609,land,0,428,23218,70894,0.2784333477238898,0.4161220947520527,2.403140839218905,0.0150338877693097,1.0124596380270938,False,:43:17,25,0.2784333477238898,16,0,1,60175,48,4.280405747029302e-68,denied,credit_score_vs_dti,Score=0.000 with DTI=0.28 and CS=428,"{""ndi_value_ok"": true, ""ndi_ratio_ok"": true}",,"{""type"": ""consolidation"", ""consolidate_amount"": 23218.0, ""term_months"": 36, ""apr"": 0.12, ""est_monthly"": 722.34, ""secured_by"": ""collateral""}"
APP_0078,30,122841,0,13026,60,39854,deposit,0,792,22002,24911,0.1791095806774596,0.3268429768655511,3.0595731613693338,0.0017673252415429,1.657764452972252,False,:43:17,0,0.1791095806774596,14,0,0,13026,60,1.0,approved,credit_score_vs_dti,Score=1.000 with DTI=0.18 and CS=792,"{""ndi_value_ok"": true, ""ndi_ratio_ok"": true}","{""type"": ""standard"", ""amount"": 13026.0, ""term_months"": 60, ""apr"": 0.12, ""est_monthly"": 243.15}",
APP_0079,45,33119,19,54706,48,88208,house,1,699,12926,116933,0.3902895618828953,0.6201931797569311,1.6124008335465652,0.0344125225190843,0.3733871805249743,False,:43:17,19,0.3902895618828953,9,0,3,54706,48,1.0,approved,credit_score_vs_dti,Score=1.000 with DTI=0.39 and CS=699,"{""ndi_value_ok"": true, ""ndi_ratio_ok"": true}","{""type"": ""standard"", ""amount"": 54706.0, ""term_months"": 48, ""apr"": 0.1, ""est_monthly"": 1253.68}",
APP_0080,50,35341,3,93914,48,168570,deposit,1,355,6290,204956,0.1779802495684848,0.5571216705226283,1.7949400515364928,0.0553618082857262,0.6534564227720573,False,:43:17,3,0.1779802495684848,8,0,1,93914,48,1.6066164749120514e-94,denied,credit_score_vs_dti,Score=0.000 with DTI=0.18 and CS=355,"{""ndi_value_ok"": true, ""ndi_ratio_ok"": true}",,"{""type"": ""consolidation"", ""consolidate_amount"": 6290.0, ""term_months"": 48, ""apr"": 0.14, ""est_monthly"": 149.39, ""secured_by"": ""collateral""}"
APP_0081,62,59480,8,73724,12,184710,land,0,511,41361,231296,0.6953765971755095,0.399133777272479,2.505425641582083,0.1032896211525654,0.4585878816379817,False,:43:17,8,0.6953765971755095,18,0,2,73724,12,4.946372810067131e-41,denied,credit_score_vs_dti,Score=0.000 with DTI=0.70 and CS=511,"{""ndi_value_ok"": true, ""ndi_ratio_ok"": true}",,"{""type"": ""consolidation"", ""consolidate_amount"": 41361.0, ""term_months"": 36, ""apr"": 0.12, ""est_monthly"": 1286.79, ""secured_by"": ""collateral""}"
APP_0082,40,85832,24,18053,72,197913,land,1,445,4586,112467,0.0534299561934936,0.0912168478068641,10.96288705478253,0.0029212427894913,2.580680724546214,False,:43:17,24,0.0534299561934936,13,0,4,18053,72,3.7988233134473963e-66,denied,credit_score_vs_dti,Score=0.000 with DTI=0.05 and CS=445,"{""ndi_value_ok"": true, ""ndi_ratio_ok"": true}",,"{""type"": ""consolidation"", ""consolidate_amount"": 4586.0, ""term_months"": 36, ""apr"": 0.12, ""est_monthly"": 142.68, ""secured_by"": ""collateral""}"
APP_0083,28,108890,7,96194,36,191938,car,0,397,16243,103886,0.1491688860317738,0.5011722535402031,1.995321953552176,0.0245390353152843,0.8468508864978421,False,:43:17,7,0.1491688860317738,17,0,0,96194,36,1.9812156152496584e-76,denied,credit_score_vs_dti,Score=0.000 with DTI=0.15 and CS=397,"{""ndi_value_ok"": true, ""ndi_ratio_ok"": true}",,
APP_0084,57,86338,23,96093,12,114746,deposit,0,765,33374,238364,0.3865505339479674,0.8374409565474976,1.1941140353615642,0.0927488475449117,0.1190791513457687,False,:43:17,23,0.3865505339479674,19,0,2,96093,12,1.0,approved,credit_score_vs_dti,Score=1.000 with DTI=0.39 and CS=765,"{""ndi_value_ok"": true, ""ndi_ratio_ok"": true}","{""type"": ""standard"", ""amount"": 96093.0, ""term_months"": 12, ""apr"": 0.1, ""est_monthly"": 8808.52}",
APP_0085,48,80146,13,21092,60,46492,car,2,639,6564,207544,0.0819005315299568,0.4536694485072603,2.204248056134923,0.0043861619210873,1.1056195002436189,False,:43:17,13,0.0819005315299568,26,1,4,21092,60,0.9957381978827566,approved,credit_score_vs_dti,Score=0.996 with DTI=0.08 and CS=639,"{""ndi_value_ok"": true, ""ndi_ratio_ok"": true}","{""type"": ""standard"", ""amount"": 21092.0, ""term_months"": 60, ""apr"": 0.1, ""est_monthly"": 386.69}",
APP_0086,51,142228,6,81083,60,169101,house,0,398,32775,251314,0.2304398571308024,0.4794945032850162,2.085529642465102,0.009501528062764,0.8353803467442075,False,:43:17,6,0.2304398571308024,9,0,3,81083,60,1.624383515876003e-78,denied,credit_score_vs_dti,Score=0.000 with DTI=0.23 and CS=398,"{""ndi_value_ok"": true, ""ndi_ratio_ok"": true}",,"{""type"": ""consolidation"", ""consolidate_amount"": 32775.0, ""term_months"": 36, ""apr"": 0.12, ""est_monthly"": 1019.67, ""secured_by"": ""collateral""}"
APP_0087,25,45127,10,43638,12,161913,deposit,1,657,36653,272769,0.812218849026064,0.2695151099664618,3.710367111233244,0.0805836860348988,0.4115138802587005,False,:43:17,10,0.812218849026064,20,0,4,43638,12,0.9999999896219028,approved,credit_score_vs_dti,Score=1.000 with DTI=0.81 and CS=657,"{""ndi_value_ok"": true, ""ndi_ratio_ok"": true}","{""type"": ""standard"", ""amount"": 43638.0, ""term_months"": 12, ""apr"": 0.1, ""est_monthly"": 4000.15}",
APP_0088,34,96466,15,61399,24,198141,house,0,527,33145,248156,0.3435925611096102,0.309875290828247,3.227104675971869,0.0265201383550685,1.3590089785872166,False,:43:17,15,0.3435925611096102,27,0,1,61399,24,8.853824547203623e-36,denied,credit_score_vs_dti,Score=0.000 with DTI=0.34 and CS=527,"{""ndi_value_ok"": true, ""ndi_ratio_ok"": true}",,"{""type"": ""consolidation"", ""consolidate_amount"": 33145.0, ""term_months"": 36, ""apr"": 0.12, ""est_monthly"": 1031.18, ""secured_by"": ""collateral""}"
APP_0089,54,92780,22,47292,12,132981,house,1,333,15251,281580,0.1643780987281723,0.3556297516186496,2.811913219994866,0.0424768268988094,1.514074369831693,False,:43:17,22,0.1643780987281723,13,0,3,47292,12,2.181299478575438e-105,denied,credit_score_vs_dti,Score=0.000 with DTI=0.16 and CS=333,"{""ndi_value_ok"": true, ""ndi_ratio_ok"": true}",,"{""type"": ""consolidation"", ""consolidate_amount"": 15251.0, ""term_months"": 36, ""apr"": 0.12, ""est_monthly"": 474.48, ""secured_by"": ""collateral""}"
APP_0090,57,84186,18,79349,24,35186,land,0,547,988,130833,0.0117359180861424,2.2551298812026874,0.4434334396148603,0.0392726621195392,0.0,False,:43:17,18,0.0117359180861424,7,0,3,79349,24,4.884318136692323e-25,denied,credit_score_vs_dti,Score=0.000 with DTI=0.01 and CS=547,"{""ndi_value_ok"": true, ""ndi_ratio_ok"": true}",,"{""type"": ""consolidation"", ""consolidate_amount"": 988.0, ""term_months"": 36, ""apr"": 0.12, ""est_monthly"": 30.74, ""secured_by"": ""collateral""}"
APP_0091,40,125949,27,99682,12,104557,house,0,401,44367,124454,0.3522616297072596,0.9533747142706758,1.0489055195521653,0.065953944315882,0.031677981533052,False,:43:17,27,0.3522616297072596,8,0,3,99682,12,3.428052461482247e-74,denied,credit_score_vs_dti,Score=0.000 with DTI=0.35 and CS=401,"{""ndi_value_ok"": true, ""ndi_ratio_ok"": true}",,"{""type"": ""consolidation"", ""consolidate_amount"": 44367.0, ""term_months"": 36, ""apr"": 0.12, ""est_monthly"": 1380.31, ""secured_by"": ""collateral""}"
APP_0092,56,58371,26,80535,60,94063,deposit,0,434,16327,103248,0.2797108153021144,0.8561814953807463,1.167976656112235,0.0229951517016601,0.1209917686793753,False,:43:17,26,0.2797108153021144,10,0,0,80535,60,3.0073762368697065e-65,denied,credit_score_vs_dti,Score=0.000 with DTI=0.28 and CS=434,"{""ndi_value_ok"": true, ""ndi_ratio_ok"": true}",,
APP_0093,58,144221,22,93480,48,169845,car,0,783,40250,78214,0.2790855700626103,0.5503841738055254,1.8169127086007504,0.0135035813089592,0.588924159629531,False,:43:17,22,0.2790855700626103,18,0,3,93480,48,1.0,approved,credit_score_vs_dti,Score=1.000 with DTI=0.28 and CS=783,"{""ndi_value_ok"": true, ""ndi_ratio_ok"": true}","{""type"": ""standard"", ""amount"": 93480.0, ""term_months"": 48, ""apr"": 0.1, ""est_monthly"": 2142.25}",
APP_0094,38,66446,18,94872,72,83373,house,0,690,9890,227158,0.1488426692351661,1.1379223489618804,0.8787945863900741,0.0198306394161927,0.0,False,:43:17,18,0.1488426692351661,7,0,1,94872,72,1.0,approved,credit_score_vs_dti,Score=1.000 with DTI=0.15 and CS=690,"{""ndi_value_ok"": true, ""ndi_ratio_ok"": true}","{""type"": ""standard"", ""amount"": 94872.0, ""term_months"": 72, ""apr"": 0.1, ""est_monthly"": 1449.43}",
APP_0095,60,93125,8,13560,60,71089,deposit,0,373,8120,217190,0.0871946308724822,0.1907468103363362,5.2425516224184925,0.0024268456375434,2.216071969525685,False,:43:17,8,0.0871946308724822,25,0,0,13560,60,1.4999379714000417e-92,denied,credit_score_vs_dti,Score=0.000 with DTI=0.09 and CS=373,"{""ndi_value_ok"": true, ""ndi_ratio_ok"": true}",,
APP_0096,33,90084,12,29071,48,23369,land,0,768,38907,242402,0.4318968962301803,1.2439984594975717,0.8038595163564788,0.0067231232329904,0.0,False,:43:17,12,0.4318968962301803,10,0,4,29071,48,1.0,approved,credit_score_vs_dti,Score=1.000 with DTI=0.43 and CS=768,"{""ndi_value_ok"": true, ""ndi_ratio_ok"": true}","{""type"": ""standard"", ""amount"": 29071.0, ""term_months"": 48, ""apr"": 0.1, ""est_monthly"": 666.21}",
APP_0097,31,131222,3,73576,48,168407,car,0,615,46986,58543,0.3580649586197409,0.4368939533392292,2.2888849624877365,0.0116812221525459,0.8273804217289714,False,:43:17,3,0.3580649586197409,1,1,2,73576,48,0.825483783159724,approved,credit_score_vs_dti,Score=0.825 with DTI=0.36 and CS=615,"{""ndi_value_ok"": true, ""ndi_ratio_ok"": true}","{""type"": ""standard"", ""amount"": 73576.0, ""term_months"": 48, ""apr"": 0.1, ""est_monthly"": 1686.12}",
APP_0098,51,79863,11,61057,12,153023,land,0,781,43031,152464,0.5388102124888804,0.3990053782764656,2.506231881684287,0.0637101452851666,0.6946587614564608,False,:43:17,11,0.5388102124888804,0,0,3,61057,12,1.0,approved,credit_score_vs_dti,Score=1.000 with DTI=0.54 and CS=781,"{""ndi_value_ok"": true, ""ndi_ratio_ok"": true}","{""type"": ""standard"", ""amount"": 61057.0, ""term_months"": 12, ""apr"": 0.1, ""est_monthly"": 5596.89}",
APP_0099,49,60569,27,9763,12,15915,land,1,710,37562,74368,0.6201522230844059,0.6134464341815511,1.6301341800674352,0.0134323388741026,0.2393550674572087,False,:43:17,27,0.6201522230844059,0,0,1,9763,12,1.0,approved,credit_score_vs_dti,Score=1.000 with DTI=0.62 and CS=710,"{""ndi_value_ok"": true, ""ndi_ratio_ok"": true}","{""type"": ""standard"", ""amount"": 9763.0, ""term_months"": 12, ""apr"": 0.12, ""est_monthly"": 911.21}",
APP_0100,27,27701,12,14029,48,91285,house,1,486,12334,268978,0.4452546839464118,0.153683518650379,6.506878608596015,0.0105509127225455,1.4084703117829689,False,:43:17,12,0.4452546839464118,18,0,2,14029,48,3.6481567461375274e-55,denied,credit_score_vs_dti,Score=0.000 with DTI=0.45 and CS=486,"{""ndi_value_ok"": true, ""ndi_ratio_ok"": true}",,"{""type"": ""consolidation"", ""consolidate_amount"": 12334.0, ""term_months"": 48, ""apr"": 0.14, ""est_monthly"": 292.93, ""secured_by"": ""collateral""}"
APP_0101,57,70459,3,54452,12,100105,deposit,1,594,45660,87549,0.6480364467278751,0.5439488537036058,1.8384081392785967,0.0644015195544708,0.2950891077927756,False,:43:17,3,0.6480364467278751,10,0,0,54452,12,2.1260025222087657e-10,denied,credit_score_vs_dti,Score=0.000 with DTI=0.65 and CS=594,"{""ndi_value_ok"": true, ""ndi_ratio_ok"": true}",,
APP_0102,29,128286,19,63535,12,98110,car,0,591,33392,51733,0.2602934069189135,0.6475894404240072,1.544188242700849,0.0412717157982326,0.4025396310030478,False,:43:17,19,0.2602934069189135,8,0,2,63535,12,7.513657147937664e-09,denied,credit_score_vs_dti,Score=0.000 with DTI=0.26 and CS=591,"{""ndi_value_ok"": true, ""ndi_ratio_ok"": true}",,"{""type"": ""consolidation"", ""consolidate_amount"": 33392.0, ""term_months"": 36, ""apr"": 0.12, ""est_monthly"": 1038.86, ""secured_by"": ""collateral""}"
APP_0103,56,26239,28,20933,24,184434,land,1,695,8608,175260,0.3280612828232658,0.1134985957036115,8.810681698752743,0.0332409136513189,1.787023849134866,False,:43:17,28,0.3280612828232658,18,2,2,20933,24,1.0,approved,credit_score_vs_dti,Score=1.000 with DTI=0.33 and CS=695,"{""ndi_value_ok"": true, ""ndi_ratio_ok"": true}","{""type"": ""standard"", ""amount"": 20933.0, ""term_months"": 24, ""apr"": 0.1, ""est_monthly"": 959.43}",
APP_0104,21,137020,26,21272,72,36929,deposit,0,436,6468,264929,0.0472047876222445,0.5760242627744977,1.7360379842045066,0.0021562140157665,0.7012934674782983,False,:43:17,26,0.0472047876222445,2,1,3,21272,72,2.8138463797940854e-69,denied,credit_score_vs_dti,Score=0.000 with DTI=0.05 and CS=436,"{""ndi_value_ok"": true, ""ndi_ratio_ok"": true}",,"{""type"": ""consolidation"", ""consolidate_amount"": 6468.0, ""term_months"": 36, ""apr"": 0.12, ""est_monthly"": 201.23, ""secured_by"": ""collateral""}"
APP_0105,56,92853,8,17287,36,66818,land,0,483,43558,275562,0.4691070832390933,0.2587177107964881,3.8652166367788583,0.0051715555171195,1.1806245499753631,False,:43:17,8,0.4691070832390933,16,0,2,17287,36,2.1336057544400752e-54,denied,credit_score_vs_dti,Score=0.000 with DTI=0.47 and CS=483,"{""ndi_value_ok"": true, ""ndi_ratio_ok"": true}",,"{""type"": ""consolidation"", ""consolidate_amount"": 43558.0, ""term_months"": 36, ""apr"": 0.12, ""est_monthly"": 1355.14, ""secured_by"": ""collateral""}"
APP_0106,55,42531,13,58670,60,42737,land,0,434,13757,37867,0.3234581834426577,1.3728151250672398,0.7284302028293723,0.0229910731776119,0.0,False,:43:17,13,0.3234581834426577,18,0,1,58670,60,5.06210293223968e-66,denied,credit_score_vs_dti,Score=0.000 with DTI=0.32 and CS=434,"{""ndi_value_ok"": true, ""ndi_ratio_ok"": true}",,"{""type"": ""consolidation"", ""consolidate_amount"": 13757.0, ""term_months"": 48, ""apr"": 0.14, ""est_monthly"": 326.73, ""secured_by"": ""collateral""}"
APP_0107,55,62772,15,5746,36,54864,car,0,462,38294,104509,0.6100490664627444,0.1047317002041392,9.548207448658276,0.0025427118955374,1.0473321278151226,False,:43:17,15,0.6100490664627444,0,0,0,5746,36,9.463010723327493e-61,denied,credit_score_vs_dti,Score=0.000 with DTI=0.61 and CS=462,"{""ndi_value_ok"": true, ""ndi_ratio_ok"": true}",,
APP_0108,50,94254,7,59380,24,182163,house,0,388,6932,54522,0.0735459503044955,0.3259717944917446,3.067750084203384,0.0262499911575482,1.8733684818063503,False,:43:17,7,0.0735459503044955,5,0,2,59380,24,6.150597339016205e-82,denied,credit_score_vs_dti,Score=0.000 with DTI=0.07 and CS=388,"{""ndi_value_ok"": true, ""ndi_ratio_ok"": true}",,"{""type"": ""consolidation"", ""consolidate_amount"": 6932.0, ""term_months"": 36, ""apr"": 0.12, ""est_monthly"": 215.66, ""secured_by"": ""collateral""}"
APP_0109,41,64461,8,50213,36,188618,car,0,320,14026,99281,0.2175889297404598,0.2662153134907577,3.756357915280829,0.0216379757607978,1.7223637857352725,False,:43:17,8,0.2175889297404598,11,0,3,50213,36,5.532284683057657e-108,denied,credit_score_vs_dti,Score=0.000 with DTI=0.22 and CS=320,"{""ndi_value_ok"": true, ""ndi_ratio_ok"": true}",,"{""type"": ""consolidation"", ""consolidate_amount"": 14026.0, ""term_months"": 36, ""apr"": 0.12, ""est_monthly"": 436.36, ""secured_by"": ""collateral""}"
APP_0110,52,38571,7,49268,12,16572,deposit,2,817,14176,164813,0.3675300095926896,2.9729664494325987,0.3363643744418215,0.1064443925831433,0.0,False,:43:17,7,0.3675300095926896,9,0,2,49268,12,1.0,approved,credit_score_vs_dti,Score=1.000 with DTI=0.37 and CS=817,"{""ndi_value_ok"": true, ""ndi_ratio_ok"": true}","{""type"": ""standard"", ""amount"": 49268.0, ""term_months"": 12, ""apr"": 0.1, ""est_monthly"": 4516.23}",
APP_0111,33,108248,29,69531,60,129361,land,0,340,14055,91365,0.1298407360875015,0.5374958449609964,1.8604794983532256,0.010705509570437,0.748754206898858,False,:43:17,29,0.1298407360875015,28,1,1,69531,60,5.253315726328667e-98,denied,credit_score_vs_dti,Score=0.000 with DTI=0.13 and CS=340,"{""ndi_value_ok"": true, ""ndi_ratio_ok"": true}",,"{""type"": ""consolidation"", ""consolidate_amount"": 14055.0, ""term_months"": 36, ""apr"": 0.12, ""est_monthly"": 437.27, ""secured_by"": ""collateral""}"
APP_0112,55,109030,22,54650,24,52707,car,0,788,33736,29580,0.3094194258460945,1.0368641736391555,0.964446477584612,0.0208849246376083,0.0,False,:43:17,22,0.3094194258460945,13,0,2,54650,24,1.0,approved,credit_score_vs_dti,Score=1.000 with DTI=0.31 and CS=788,"{""ndi_value_ok"": true, ""ndi_ratio_ok"": true}","{""type"": ""standard"", ""amount"": 54650.0, ""term_months"": 24, ""apr"": 0.1, ""est_monthly"": 2504.79}",
APP_0113,45,39859,25,74136,36,44971,deposit,2,301,45719,157908,1.147018239293481,1.6485290520557327,0.6066013812452707,0.0516654540574544,0.0,False,:43:17,25,1.147018239293481,19,1,2,74136,36,1.4925034344885846e-113,denied,credit_score_vs_dti,Score=0.000 with DTI=1.15 and CS=301,"{""ndi_value_ok"": true, ""ndi_ratio_ok"": true}",,"{""type"": ""consolidation"", ""consolidate_amount"": 45719.0, ""term_months"": 48, ""apr"": 0.14, ""est_monthly"": 1085.83, ""secured_by"": ""collateral""}"
APP_0114,41,60154,24,77572,72,64075,deposit,0,727,45516,25314,0.7566579113608279,1.2106437768240157,0.8260068065796831,0.0179105111692307,0.0,False,:43:17,24,0.7566579113608279,4,1,2,77572,72,1.0,approved,credit_score_vs_dti,Score=1.000 with DTI=0.76 and CS=727,"{""ndi_value_ok"": true, ""ndi_ratio_ok"": true}","{""type"": ""standard"", ""amount"": 77572.0, ""term_months"": 72, ""apr"": 0.1, ""est_monthly"": 1185.13}",
APP_0115,43,55484,28,92411,48,45322,deposit,0,480,37077,75741,0.6682467017518444,2.0389876880984503,0.4904394498490386,0.0346988170756708,0.0,False,:43:17,28,0.6682467017518444,24,1,3,92411,48,1.5059415681701982e-47,denied,credit_score_vs_dti,Score=0.000 with DTI=0.67 and CS=480,"{""ndi_value_ok"": true, ""ndi_ratio_ok"": true}",,"{""type"": ""consolidation"", ""consolidate_amount"": 37077.0, ""term_months"": 36, ""apr"": 0.12, ""est_monthly"": 1153.51, ""secured_by"": ""collateral""}"
APP_0116,46,107427,3,80928,36,102117,car,1,584,10126,10150,0.0942593575171968,0.7925027174711282,1.26182532621588,0.0209258380103468,0.2371458391850608,False,:43:17,3,0.0942593575171968,6,0,3,80928,36,6.819913581468212e-10,denied,credit_score_vs_dti,Score=0.000 with DTI=0.09 and CS=584,"{""ndi_value_ok"": true, ""ndi_ratio_ok"": true}",,"{""type"": ""consolidation"", ""consolidate_amount"": 10126.0, ""term_months"": 36, ""apr"": 0.12, ""est_monthly"": 315.03, ""secured_by"": ""collateral""}"
APP_0117,22,116286,26,54182,48,199157,land,1,455,48029,35178,0.4130247837228865,0.2720567190708824,3.675704108375408,0.0097070297941552,1.281853994282521,False,:43:17,26,0.4130247837228865,23,0,3,54182,48,5.078118450124601e-58,denied,credit_score_vs_dti,Score=0.000 with DTI=0.41 and CS=455,"{""ndi_value_ok"": true, ""ndi_ratio_ok"": true}",,"{""type"": ""consolidation"", ""consolidate_amount"": 48029.0, ""term_months"": 36, ""apr"": 0.12, ""est_monthly"": 1494.24, ""secured_by"": ""collateral""}"
APP_0118,27,115874,1,51754,60,120597,land,0,569,27103,136531,0.2339006161865454,0.4291483204391449,2.330196699771953,0.007444005269968,1.019062872046005,False,:43:17,1,0.2339006161865454,14,0,0,51754,60,3.5797171448380756e-19,denied,credit_score_vs_dti,Score=0.000 with DTI=0.23 and CS=569,"{""ndi_value_ok"": true, ""ndi_ratio_ok"": true}",,
APP_0119,31,142345,14,27392,24,146862,car,0,548,27298,256706,0.1917735080262728,0.1865152319864894,5.36149240654186,0.0080180781431435,1.972439820976863,False,:43:17,14,0.1917735080262728,12,1,2,27392,24,1.0083369996153165e-29,denied,credit_score_vs_dti,Score=0.000 with DTI=0.19 and CS=548,"{""ndi_value_ok"": true, ""ndi_ratio_ok"": true}",,"{""type"": ""consolidation"", ""consolidate_amount"": 27298.0, ""term_months"": 36, ""apr"": 0.12, ""est_monthly"": 849.27, ""secured_by"": ""collateral""}"
APP_0120,26,121080,17,61961,48,102711,car,0,591,35069,234640,0.2896349520977841,0.6032557369707178,1.6576717612691587,0.0106611675474047,0.467187032197919,False,:43:17,17,0.2896349520977841,14,0,3,61961,48,6.632182330067789e-12,denied,credit_score_vs_dti,Score=0.000 with DTI=0.29 and CS=591,"{""ndi_value_ok"": true, ""ndi_ratio_ok"": true}",,"{""type"": ""consolidation"", ""consolidate_amount"": 35069.0, ""term_months"": 36, ""apr"": 0.12, ""est_monthly"": 1091.04, ""secured_by"": ""collateral""}"
APP_0121,40,65084,10,18217,72,10670,house,0,516,38454,38660,0.5908364575010665,1.7073102155574782,0.5857166383048479,0.0038874975245124,0.0,False,:43:17,10,0.5908364575010665,16,0,1,18217,72,1.623154663732103e-39,denied,credit_score_vs_dti,Score=0.000 with DTI=0.59 and CS=516,"{""ndi_value_ok"": true, ""ndi_ratio_ok"": true}",,"{""type"": ""consolidation"", ""consolidate_amount"": 38454.0, ""term_months"": 36, ""apr"": 0.12, ""est_monthly"": 1196.35, ""secured_by"": ""unsecured""}"
APP_0122,50,38467,4,93467,48,24150,car,0,595,47646,20103,1.238620115943504,3.870269151138556,0.2583799629815843,0.0506207701829113,0.0,False,:43:17,4,1.238620115943504,7,0,0,93467,48,1.9542060721965352e-06,denied,credit_score_vs_dti,Score=0.000 with DTI=1.24 and CS=595,"{""ndi_value_ok"": true, ""ndi_ratio_ok"": true}",,
APP_0123,49,101830,5,85279,36,59623,land,0,754,29118,108045,0.2859471668467024,1.4303037418445663,0.6991521945613727,0.0232629000397258,0.0,False,:43:17,5,0.2859471668467024,3,0,2,85279,36,1.0,approved,credit_score_vs_dti,Score=1.000 with DTI=0.29 and CS=754,"{""ndi_value_ok"": true, ""ndi_ratio_ok"": true}","{""type"": ""standard"", ""amount"": 85279.0, ""term_months"": 36, ""apr"": 0.1, ""est_monthly"": 2605.75}",
APP_0124,41,139501,24,16374,12,54784,deposit,0,539,30503,199154,0.2186579307675198,0.2988828855140132,3.345792109441593,0.0097812918895655,1.6434368910203596,False,:43:17,24,0.2186579307675198,8,1,4,16374,12,1.955358072157911e-32,denied,credit_score_vs_dti,Score=0.000 with DTI=0.22 and CS=539,"{""ndi_value_ok"": true, ""ndi_ratio_ok"": true}",,"{""type"": ""consolidation"", ""consolidate_amount"": 30503.0, ""term_months"": 36, ""apr"": 0.12, ""est_monthly"": 948.98, ""secured_by"": ""collateral""}"
APP_0125,58,146894,9,79665,24,169391,deposit,1,498,37276,226552,0.2537612155704096,0.4703024363750113,2.126291345007191,0.0225970768027398,0.8404822842117483,False,:43:17,9,0.2537612155704096,29,0,0,79665,24,6.1870769937631115e-43,denied,credit_score_vs_dti,Score=0.000 with DTI=0.25 and CS=498,"{""ndi_value_ok"": true, ""ndi_ratio_ok"": true}",,
APP_0126,45,53776,9,16124,72,169968,house,0,372,12755,248706,0.2371875929782758,0.0948649157488462,10.541304887124127,0.004164393864202,2.071344816892301,False,:43:17,9,0.2371875929782758,8,0,2,16124,72,1.2071747548628594e-94,denied,credit_score_vs_dti,Score=0.000 with DTI=0.24 and CS=372,"{""ndi_value_ok"": true, ""ndi_ratio_ok"": true}",,"{""type"": ""consolidation"", ""consolidate_amount"": 12755.0, ""term_months"": 36, ""apr"": 0.12, ""est_monthly"": 396.82, ""secured_by"": ""collateral""}"
APP_0127,24,54556,27,73516,48,171991,land,0,497,15385,109239,0.2820038125962262,0.4274409707484669,2.339504325588956,0.0280736002144841,0.961758998783747,False,:43:17,27,0.2820038125962262,20,0,0,73516,48,3.3831752212190803e-44,denied,credit_score_vs_dti,Score=0.000 with DTI=0.28 and CS=497,"{""ndi_value_ok"": true, ""ndi_ratio_ok"": true}",,
APP_0128,54,29676,4,13332,24,130417,house,0,369,31273,58720,1.0538145302601074,0.1022259368027166,9.782253225321798,0.0187188300302209,0.0,False,:43:17,4,1.0538145302601074,7,0,4,13332,24,2.0024677901138775e-93,denied,credit_score_vs_dti,Score=0.000 with DTI=1.05 and CS=369,"{""ndi_value_ok"": true, ""ndi_ratio_ok"": true}",,"{""type"": ""consolidation"", ""consolidate_amount"": 31273.0, ""term_months"": 48, ""apr"": 0.14, ""est_monthly"": 742.73, ""secured_by"": ""collateral""}"
APP_0129,46,42657,27,51378,36,114785,land,1,400,3206,17640,0.0751576529057347,0.447602038593889,2.2341274475455988,0.0334567988050493,1.1413733252015523,False,:43:17,27,0.0751576529057347,25,0,3,51378,36,1.2607619586102062e-78,denied,credit_score_vs_dti,Score=0.000 with DTI=0.08 and CS=400,"{""ndi_value_ok"": true, ""ndi_ratio_ok"": true}",,"{""type"": ""consolidation"", ""consolidate_amount"": 3206.0, ""term_months"": 48, ""apr"": 0.14, ""est_monthly"": 76.14, ""secured_by"": ""collateral""}"
APP_0130,48,94356,27,67497,48,132636,car,0,823,16024,52590,0.1698249183941649,0.5088889894146348,1.9650651140050377,0.0149030003388304,0.8011730097740952,False,:43:17,27,0.1698249183941649,14,0,2,67497,48,1.0,approved,credit_score_vs_dti,Score=1.000 with DTI=0.17 and CS=823,"{""ndi_value_ok"": true, ""ndi_ratio_ok"": true}","{""type"": ""standard"", ""amount"": 67497.0, ""term_months"": 48, ""apr"": 0.1, ""est_monthly"": 1546.81}",
APP_0131,45,93350,17,74237,48,86106,car,0,349,35899,28896,0.38456347080878,0.8621582700392438,1.159879844282485,0.0165678003924416,0.0983958964528608,False,:43:17,17,0.38456347080878,17,0,3,74237,48,1.1489304403867443e-93,denied,credit_score_vs_dti,Score=0.000 with DTI=0.38 and CS=349,"{""ndi_value_ok"": true, ""ndi_ratio_ok"": true}",,"{""type"": ""consolidation"", ""consolidate_amount"": 35899.0, ""term_months"": 36, ""apr"": 0.12, ""est_monthly"": 1116.86, ""secured_by"": ""collateral""}"
APP_0132,45,71365,4,44767,60,136679,land,0,565,48806,259632,0.6838926644713699,0.3275338567007343,3.053119485335112,0.0104549382281821,0.6377144423746344,False,:43:17,4,0.6838926644713699,6,0,3,44767,60,4.2854936772921265e-24,denied,credit_score_vs_dti,Score=0.000 with DTI=0.68 and CS=565,"{""ndi_value_ok"": true, ""ndi_ratio_ok"": true}",,"{""type"": ""consolidation"", ""consolidate_amount"": 48806.0, ""term_months"": 36, ""apr"": 0.12, ""est_monthly"": 1518.41, ""secured_by"": ""collateral""}"
APP_0133,24,63744,4,92554,24,160533,car,0,758,25974,87839,0.4074736445783068,0.576541894812901,1.7344793309851358,0.0604985044318825,0.435198361121196,False,:43:17,4,0.4074736445783068,18,0,3,92554,24,1.0,approved,credit_score_vs_dti,Score=1.000 with DTI=0.41 and CS=758,"{""ndi_value_ok"": true, ""ndi_ratio_ok"": true}","{""type"": ""standard"", ""amount"": 92554.0, ""term_months"": 24, ""apr"": 0.1, ""est_monthly"": 4242.06}",
APP_0134,45,128723,8,78560,48,154477,deposit,0,824,19983,248706,0.1552403222423331,0.5085546715692271,1.9663569246435595,0.012714640480975,0.8163393642607996,False,:43:17,8,0.1552403222423331,14,0,0,78560,48,1.0,approved,credit_score_vs_dti,Score=1.000 with DTI=0.16 and CS=824,"{""ndi_value_ok"": true, ""ndi_ratio_ok"": true}","{""type"": ""standard"", ""amount"": 78560.0, ""term_months"": 48, ""apr"": 0.1, ""est_monthly"": 1800.33}",
APP_0135,55,82504,17,24785,36,125855,land,1,380,22018,170416,0.2668719092407608,0.1969329784275539,5.077869679241272,0.0083447132527282,1.7662529768313484,False,:43:17,17,0.2668719092407608,21,0,2,24785,36,4.406519039756667e-89,denied,credit_score_vs_dti,Score=0.000 with DTI=0.27 and CS=380,"{""ndi_value_ok"": true, ""ndi_ratio_ok"": true}",,"{""type"": ""consolidation"", ""consolidate_amount"": 22018.0, ""term_months"": 36, ""apr"": 0.12, ""est_monthly"": 685.0, ""secured_by"": ""collateral""}"
APP_0136,34,126031,4,68766,72,19156,deposit,0,389,34271,166293,0.2719251612698441,3.5897891000206936,0.2785678969258023,0.0075781619864958,0.0,False,:43:17,4,0.2719251612698441,7,1,1,68766,72,6.400078142793166e-81,denied,credit_score_vs_dti,Score=0.000 with DTI=0.27 and CS=389,"{""ndi_value_ok"": true, ""ndi_ratio_ok"": true}",,"{""type"": ""consolidation"", ""consolidate_amount"": 34271.0, ""term_months"": 36, ""apr"": 0.12, ""est_monthly"": 1066.21, ""secured_by"": ""collateral""}"
APP_0137,47,145401,13,74400,12,147190,land,1,504,27223,141890,0.1872270479570279,0.5054691215435797,1.9783602150537367,0.0426406971030686,0.7951847201506391,False,:43:17,13,0.1872270479570279,18,0,1,74400,12,7.20841185911446e-40,denied,credit_score_vs_dti,Score=0.000 with DTI=0.19 and CS=504,"{""ndi_value_ok"": true, ""ndi_ratio_ok"": true}",,"{""type"": ""consolidation"", ""consolidate_amount"": 27223.0, ""term_months"": 36, ""apr"": 0.12, ""est_monthly"": 846.94, ""secured_by"": ""collateral""}"
APP_0138,22,64642,3,36695,12,78388,car,2,604,1161,247567,0.0179604591442093,0.4681201204265899,2.136203842485294,0.0473054154638128,1.1157970997928826,False,:43:17,3,0.0179604591442093,25,1,0,36695,12,1.2230647644446335e-10,denied,credit_score_vs_dti,Score=0.000 with DTI=0.02 and CS=604,"{""ndi_value_ok"": true, ""ndi_ratio_ok"": true}",,
APP_0139,36,50342,16,75131,36,150784,deposit,0,827,26961,22600,0.5355567915458159,0.4982690471137488,2.006947864396827,0.0414558861818006,0.4676700968865601,False,:43:17,16,0.5355567915458159,14,0,2,75131,36,1.0,approved,credit_score_vs_dti,Score=1.000 with DTI=0.54 and CS=827,"{""ndi_value_ok"": true, ""ndi_ratio_ok"": true}","{""type"": ""standard"", ""amount"": 75131.0, ""term_months"": 36, ""apr"": 0.1, ""est_monthly"": 2295.67}",
APP_0140,40,144112,0,90344,48,111589,car,0,414,20003,36899,0.1388017652936595,0.8096138508275833,1.2351567342601475,0.0130604437286793,0.2025165644241642,False,:43:17,0,0.1388017652936595,5,0,3,90344,48,1.2878817106594437e-68,denied,credit_score_vs_dti,Score=0.000 with DTI=0.14 and CS=414,"{""ndi_value_ok"": true, ""ndi_ratio_ok"": true}",,"{""type"": ""consolidation"", ""consolidate_amount"": 20003.0, ""term_months"": 36, ""apr"": 0.12, ""est_monthly"": 622.32, ""secured_by"": ""collateral""}"
APP_0141,64,104353,21,82625,60,177187,land,0,390,35040,132782,0.3357833507421891,0.4663152488613698,2.1444720121028484,0.0131963942896741,0.7601773650483107,False,:43:17,21,0.3357833507421891,2,0,3,82625,60,2.21340783717351e-80,denied,credit_score_vs_dti,Score=0.000 with DTI=0.34 and CS=390,"{""ndi_value_ok"": true, ""ndi_ratio_ok"": true}",,"{""type"": ""consolidation"", ""consolidate_amount"": 35040.0, ""term_months"": 36, ""apr"": 0.12, ""est_monthly"": 1090.13, ""secured_by"": ""collateral""}"
APP_0142,30,61364,1,77440,36,72983,house,1,439,43755,124399,0.7130402190209127,1.0610690160722214,0.9424457644627976,0.0350549362989916,0.0,False,:43:17,1,0.7130402190209127,25,0,0,77440,36,7.446667661302141e-64,denied,credit_score_vs_dti,Score=0.000 with DTI=0.71 and CS=439,"{""ndi_value_ok"": true, ""ndi_ratio_ok"": true}",,
APP_0143,33,102732,5,65277,72,186827,house,0,780,48122,168223,0.4684226920531045,0.3493981062694345,2.8620647394947247,0.0088251469842639,0.989831361443454,False,:43:17,5,0.4684226920531045,15,0,1,65277,72,1.0,approved,credit_score_vs_dti,Score=1.000 with DTI=0.47 and CS=780,"{""ndi_value_ok"": true, ""ndi_ratio_ok"": true}","{""type"": ""standard"", ""amount"": 65277.0, ""term_months"": 72, ""apr"": 0.1, ""est_monthly"": 997.29}",
APP_0144,38,89382,5,30700,36,170139,land,0,316,30511,223961,0.3413550826788353,0.180440698487706,5.541986970683858,0.0095408222880902,1.6193957051530692,False,:43:17,5,0.3413550826788353,5,0,2,30700,36,4.798974565691823e-112,denied,credit_score_vs_dti,Score=0.000 with DTI=0.34 and CS=316,"{""ndi_value_ok"": true, ""ndi_ratio_ok"": true}",,"{""type"": ""consolidation"", ""consolidate_amount"": 30511.0, ""term_months"": 36, ""apr"": 0.12, ""est_monthly"": 949.23, ""secured_by"": ""collateral""}"
APP_0145,64,138191,24,80546,12,71572,house,0,509,18128,180388,0.1311807570681149,1.125384228469218,0.8885854046135017,0.0485716628876502,0.0,False,:43:17,24,0.1311807570681149,8,0,0,80546,12,5.522703586369841e-38,denied,credit_score_vs_dti,Score=0.000 with DTI=0.13 and CS=509,"{""ndi_value_ok"": true, ""ndi_ratio_ok"": true}",,
APP_0146,58,56995,1,39598,12,100653,deposit,1,365,22197,84661,0.3894552153697624,0.3934110260002146,2.54187080155557,0.0578968915353678,0.9413811764634188,False,:43:17,1,0.3894552153697624,22,0,1,39598,12,1.9893285780864597e-92,denied,credit_score_vs_dti,Score=0.000 with DTI=0.39 and CS=365,"{""ndi_value_ok"": true, ""ndi_ratio_ok"": true}",,"{""type"": ""consolidation"", ""consolidate_amount"": 22197.0, ""term_months"": 36, ""apr"": 0.12, ""est_monthly"": 690.57, ""secured_by"": ""collateral""}"
APP_0147,22,148922,12,55558,72,110018,deposit,0,386,8823,104914,0.0592457796698939,0.5049900925303086,1.980236869577703,0.0051814969506061,0.9221619719784212,False,:43:17,12,0.0592457796698939,11,0,1,55558,72,5.299940293057221e-82,denied,credit_score_vs_dti,Score=0.000 with DTI=0.06 and CS=386,"{""ndi_value_ok"": true, ""ndi_ratio_ok"": true}",,"{""type"": ""consolidation"", ""consolidate_amount"": 8823.0, ""term_months"": 36, ""apr"": 0.12, ""est_monthly"": 274.49, ""secured_by"": ""collateral""}"
APP_0148,31,142005,17,34871,12,155576,land,0,804,46796,228175,0.3295376923347746,0.2241412557206752,4.461472283559277,0.0204634813311114,1.5605521323352805,False,:43:17,17,0.3295376923347746,18,0,0,34871,12,1.0,approved,credit_score_vs_dti,Score=1.000 with DTI=0.33 and CS=804,"{""ndi_value_ok"": true, ""ndi_ratio_ok"": true}","{""type"": ""standard"", ""amount"": 34871.0, ""term_months"": 12, ""apr"": 0.1, ""est_monthly"": 3196.51}",
APP_0149,57,47587,15,34736,72,140318,land,0,300,42365,68425,0.8902641477714316,0.247551989053434,4.039555504375747,0.0101381563123906,0.2477115712167377,False,:43:17,15,0.8902641477714316,24,0,0,34736,72,7.123119171308211e-116,denied,credit_score_vs_dti,Score=0.000 with DTI=0.89 and CS=300,"{""ndi_value_ok"": true, ""ndi_ratio_ok"": true}",,
APP_0150,23,45575,20,19973,24,171586,land,2,476,42699,156211,0.9368952276467156,0.1164022705815153,8.59089771191065,0.0182601938189498,0.1672777007004973,False,:43:17,20,0.9368952276467156,6,0,4,19973,24,1.485011255403547e-56,denied,credit_score_vs_dti,Score=0.000 with DTI=0.94 and CS=476,"{""ndi_value_ok"": true, ""ndi_ratio_ok"": true}",,"{""type"": ""consolidation"", ""consolidate_amount"": 42699.0, ""term_months"": 48, ""apr"": 0.14, ""est_monthly"": 1014.1, ""secured_by"": ""collateral""}"
APP_0151,58,91644,24,96323,12,79014,house,0,803,16406,166249,0.1790188119244011,1.21906244463005,0.8203025238001223,0.087588021758082,0.0,False,:43:17,24,0.1790188119244011,25,1,2,96323,12,1.0,approved,credit_score_vs_dti,Score=1.000 with DTI=0.18 and CS=803,"{""ndi_value_ok"": true, ""ndi_ratio_ok"": true}","{""type"": ""standard"", ""amount"": 96323.0, ""term_months"": 12, ""apr"": 0.1, ""est_monthly"": 8829.61}",
APP_0152,33,30613,11,19039,24,104919,car,0,634,16110,227577,0.5262470192401749,0.18146379588063,5.510741110352145,0.0259135552423345,1.1633518996841523,False,:43:17,11,0.5262470192401749,22,2,1,19039,24,0.04418186132749818,denied,credit_score_vs_dti,Score=0.044 with DTI=0.53 and CS=634,"{""ndi_value_ok"": true, ""ndi_ratio_ok"": true}",,"{""type"": ""consolidation"", ""consolidate_amount"": 16110.0, ""term_months"": 48, ""apr"": 0.14, ""est_monthly"": 382.61, ""secured_by"": ""collateral""}"
APP_0153,61,62349,24,13194,48,90726,car,1,339,42830,217162,0.6869396461851724,0.1454268897559669,6.876307412459688,0.0044086513014526,0.8025988807609038,False,:43:17,24,0.6869396461851724,10,0,2,13194,48,2.203694721615711e-105,denied,credit_score_vs_dti,Score=0.000 with DTI=0.69 and CS=339,"{""ndi_value_ok"": true, ""ndi_ratio_ok"": true}",,"{""type"": ""consolidation"", ""consolidate_amount"": 42830.0, ""term_months"": 36, ""apr"": 0.12, ""est_monthly"": 1332.49, ""secured_by"": ""collateral""}"
APP_0154,33,79387,9,93932,36,182634,deposit,1,555,27227,144757,0.3429654729363706,0.5143182539943246,1.944321424008837,0.0328671220999623,0.6204517802197096,False,:43:17,9,0.3429654729363706,7,0,0,93932,36,3.1145838039420873e-22,denied,credit_score_vs_dti,Score=0.000 with DTI=0.34 and CS=555,"{""ndi_value_ok"": true, ""ndi_ratio_ok"": true}",,
APP_0155,40,146171,29,57726,60,66556,house,0,834,35232,99657,0.2410327629967624,0.867329767413894,1.1529640023559375,0.0065820169526373,0.1160946662290672,False,:43:17,29,0.2410327629967624,10,0,3,57726,60,1.0,approved,credit_score_vs_dti,Score=1.000 with DTI=0.24 and CS=834,"{""ndi_value_ok"": true, ""ndi_ratio_ok"": true}","{""type"": ""standard"", ""amount"": 57726.0, ""term_months"": 60, ""apr"": 0.1, ""est_monthly"": 1058.31}",
APP_0156,50,149046,15,46600,48,120727,car,0,520,24491,116692,0.164318398346818,0.3859948478799242,2.590708154506382,0.0065136490299176,1.3293255383206954,False,:43:17,15,0.164318398346818,2,0,1,46600,48,9.87630101171685e-36,denied,credit_score_vs_dti,Score=0.000 with DTI=0.16 and CS=520,"{""ndi_value_ok"": true, ""ndi_ratio_ok"": true}",,"{""type"": ""consolidation"", ""consolidate_amount"": 24491.0, ""term_months"": 36, ""apr"": 0.12, ""est_monthly"": 761.94, ""secured_by"": ""collateral""}"
APP_0157,26,43942,22,75061,36,31071,car,1,590,22138,129361,0.5038004642483159,2.415789643075459,0.4139433260947707,0.0474495420718177,0.0,False,:43:17,22,0.5038004642483159,12,0,2,75061,36,3.9307314644118627e-11,denied,credit_score_vs_dti,Score=0.000 with DTI=0.50 and CS=590,"{""ndi_value_ok"": true, ""ndi_ratio_ok"": true}",,"{""type"": ""consolidation"", ""consolidate_amount"": 22138.0, ""term_months"": 48, ""apr"": 0.14, ""est_monthly"": 525.78, ""secured_by"": ""collateral""}"
APP_0158,45,136459,26,41415,48,171252,house,1,592,31610,73564,0.2316446698275655,0.2418365916894387,4.135023542194757,0.0063228698728703,1.7476166877513584,False,:43:17,26,0.2316446698275655,18,1,1,41415,48,1.0674643692013886e-10,denied,credit_score_vs_dti,Score=0.000 with DTI=0.23 and CS=592,"{""ndi_value_ok"": true, ""ndi_ratio_ok"": true}",,"{""type"": ""consolidation"", ""consolidate_amount"": 31610.0, ""term_months"": 36, ""apr"": 0.12, ""est_monthly"": 983.42, ""secured_by"": ""collateral""}"
APP_0159,43,36366,23,17152,72,81769,house,0,663,40649,191368,1.1177748446350682,0.2097616456114149,4.767315764925095,0.0065506853164743,0.0,False,:43:17,23,1.1177748446350682,23,1,3,17152,72,0.9999999997086968,approved,credit_score_vs_dti,Score=1.000 with DTI=1.12 and CS=663,"{""ndi_value_ok"": true, ""ndi_ratio_ok"": true}","{""type"": ""standard"", ""amount"": 17152.0, ""term_months"": 72, ""apr"": 0.12, ""est_monthly"": 266.81}",
APP_0160,55,118576,25,74320,36,73393,car,0,402,16705,70430,0.1408801106463353,1.0126306323491203,0.9875269106566068,0.0174103060011054,0.0,False,:43:17,25,0.1408801106463353,16,0,3,74320,36,5.900900588311901e-75,denied,credit_score_vs_dti,Score=0.000 with DTI=0.14 and CS=402,"{""ndi_value_ok"": true, ""ndi_ratio_ok"": true}",,"{""type"": ""consolidation"", ""consolidate_amount"": 16705.0, ""term_months"": 36, ""apr"": 0.12, ""est_monthly"": 519.71, ""secured_by"": ""collateral""}"
APP_0161,64,130705,16,21719,12,119920,house,1,761,40457,198116,0.3095290922305932,0.1811124082721799,5.521432846815897,0.013847340702466,1.6962541764642338,False,:43:17,16,0.3095290922305932,3,0,2,21719,12,1.0,approved,credit_score_vs_dti,Score=1.000 with DTI=0.31 and CS=761,"{""ndi_value_ok"": true, ""ndi_ratio_ok"": true}","{""type"": ""standard"", ""amount"": 21719.0, ""term_months"": 12, ""apr"": 0.1, ""est_monthly"": 1990.91}",
APP_0162,50,136349,1,57534,36,103772,house,1,843,12210,227932,0.0895496116583173,0.5544270130671033,1.8036639204643896,0.0117211469583367,0.7316961284830275,False,:43:17,1,0.0895496116583173,19,1,3,57534,36,1.0,approved,credit_score_vs_dti,Score=1.000 with DTI=0.09 and CS=843,"{""ndi_value_ok"": true, ""ndi_ratio_ok"": true}","{""type"": ""standard"", ""amount"": 57534.0, ""term_months"": 36, ""apr"": 0.1, ""est_monthly"": 1757.98}",
APP_0163,39,52927,14,95161,72,170811,car,1,378,20141,288933,0.3805430120732258,0.5571128323117331,1.794968527022606,0.0249717640436294,0.4924488092460179,False,:43:17,14,0.3805430120732258,2,0,4,95161,72,3.5071860318486403e-87,denied,credit_score_vs_dti,Score=0.000 with DTI=0.38 and CS=378,"{""ndi_value_ok"": true, ""ndi_ratio_ok"": true}",,"{""type"": ""consolidation"", ""consolidate_amount"": 20141.0, ""term_months"": 36, ""apr"": 0.12, ""est_monthly"": 626.61, ""secured_by"": ""collateral""}"
APP_0164,38,136680,5,93933,24,110030,house,0,750,45633,44484,0.3338674275680397,0.8537035353994288,1.171366825290354,0.0286353160655318,0.1141530241601749,False,:43:17,5,0.3338674275680397,5,0,4,93933,24,1.0,approved,credit_score_vs_dti,Score=1.000 with DTI=0.33 and CS=750,"{""ndi_value_ok"": true, ""ndi_ratio_ok"": true}","{""type"": ""standard"", ""amount"": 93933.0, ""term_months"": 24, ""apr"": 0.1, ""est_monthly"": 4305.26}",
APP_0165,39,39497,26,39274,72,107262,land,0,749,47722,230322,1.208243664075722,0.3661501743394644,2.7311198248204227,0.0138104722438319,0.0,False,:43:17,26,1.208243664075722,28,1,1,39274,72,1.0,approved,credit_score_vs_dti,Score=1.000 with DTI=1.21 and CS=749,"{""ndi_value_ok"": true, ""ndi_ratio_ok"": true}","{""type"": ""standard"", ""amount"": 39274.0, ""term_months"": 72, ""apr"": 0.1, ""est_monthly"": 600.02}",
APP_0166,56,89857,7,79128,48,28156,house,1,707,46193,34934,0.51407235941551,2.8103423781786185,0.3558285309877621,0.0183458161296909,0.0,False,:43:17,7,0.51407235941551,7,0,4,79128,48,1.0,approved,credit_score_vs_dti,Score=1.000 with DTI=0.51 and CS=707,"{""ndi_value_ok"": true, ""ndi_ratio_ok"": true}","{""type"": ""standard"", ""amount"": 79128.0, ""term_months"": 48, ""apr"": 0.1, ""est_monthly"": 1813.35}",
APP_0167,35,83693,6,63204,48,12212,car,1,503,15802,107801,0.1888090999247226,5.175565018014643,0.1932156192646004,0.0157330959575179,0.0,False,:43:17,6,0.1888090999247226,17,0,0,63204,48,2.709743870886822e-41,denied,credit_score_vs_dti,Score=0.000 with DTI=0.19 and CS=503,"{""ndi_value_ok"": true, ""ndi_ratio_ok"": true}",,
APP_0168,28,64491,7,50540,24,84522,car,1,557,42166,61124,0.6538276658758485,0.5979508293698611,1.672378314206536,0.0326531350614125,0.2327587704433496,False,:43:17,7,0.6538276658758485,20,2,1,50540,24,2.2020600165240682e-23,denied,credit_score_vs_dti,Score=0.000 with DTI=0.65 and CS=557,"{""ndi_value_ok"": true, ""ndi_ratio_ok"": true}",,"{""type"": ""consolidation"", ""consolidate_amount"": 42166.0, ""term_months"": 36, ""apr"": 0.12, ""est_monthly"": 1311.83, ""secured_by"": ""collateral""}"
APP_0169,35,27764,19,18293,72,199655,deposit,0,761,46804,57062,1.685780146952828,0.0916230497608369,10.914284152407427,0.0091510389151745,0.0,False,:43:17,19,1.685780146952828,24,0,3,18293,72,1.0,approved,credit_score_vs_dti,Score=1.000 with DTI=1.69 and CS=761,"{""ndi_value_ok"": true, ""ndi_ratio_ok"": true}","{""type"": ""standard"", ""amount"": 18293.0, ""term_months"": 72, ""apr"": 0.12, ""est_monthly"": 284.56}",
APP_0170,21,121501,17,40754,12,184128,land,0,384,48910,60850,0.4025481271759047,0.2213351581508504,4.518035039505215,0.0279517589681041,1.3956443041951572,False,:43:17,17,0.4025481271759047,2,0,4,40754,12,3.252157002116245e-84,denied,credit_score_vs_dti,Score=0.000 with DTI=0.40 and CS=384,"{""ndi_value_ok"": true, ""ndi_ratio_ok"": true}",,"{""type"": ""consolidation"", ""consolidate_amount"": 48910.0, ""term_months"": 36, ""apr"": 0.12, ""est_monthly"": 1521.64, ""secured_by"": ""collateral""}"
APP_0171,25,66947,28,66932,24,128764,deposit,1,755,1045,22742,0.01560936263014,0.5198036718337383,1.9238032630131785,0.0416573309217304,0.9093832828819216,False,:43:17,28,0.01560936263014,25,0,3,66932,24,1.0,approved,credit_score_vs_dti,Score=1.000 with DTI=0.02 and CS=755,"{""ndi_value_ok"": true, ""ndi_ratio_ok"": true}","{""type"": ""standard"", ""amount"": 66932.0, ""term_months"": 24, ""apr"": 0.1, ""est_monthly"": 3067.72}",
APP_0172,24,107707,12,98729,36,129119,car,0,806,37249,248701,0.3458363894640056,0.7646357236347806,1.307812294260032,0.0254623397007252,0.2013596017805221,False,:43:17,12,0.3458363894640056,26,1,1,98729,36,1.0,approved,credit_score_vs_dti,Score=1.000 with DTI=0.35 and CS=806,"{""ndi_value_ok"": true, ""ndi_ratio_ok"": true}","{""type"": ""standard"", ""amount"": 98729.0, ""term_months"": 36, ""apr"": 0.1, ""est_monthly"": 3016.72}",
APP_0173,54,76277,8,5464,36,83168,car,2,675,49837,27727,0.6533686432345182,0.0656983455175059,15.221083455341285,0.001989823639807,0.971574750364504,False,:43:17,8,0.6533686432345182,20,0,2,5464,36,1.0,approved,credit_score_vs_dti,Score=1.000 with DTI=0.65 and CS=675,"{""ndi_value_ok"": true, ""ndi_ratio_ok"": true}","{""type"": ""standard"", ""amount"": 5464.0, ""term_months"": 36, ""apr"": 0.12, ""est_monthly"": 169.99}",
APP_0174,52,71707,1,73187,36,42081,car,0,487,38233,125566,0.5331836501317788,1.7391934602314172,0.5749791629660926,0.0283510985282569,0.0,False,:43:17,1,0.5331836501317788,12,1,4,73187,36,6.981729877891598e-47,denied,credit_score_vs_dti,Score=0.000 with DTI=0.53 and CS=487,"{""ndi_value_ok"": true, ""ndi_ratio_ok"": true}",,"{""type"": ""consolidation"", ""consolidate_amount"": 38233.0, ""term_months"": 36, ""apr"": 0.12, ""est_monthly"": 1189.47, ""secured_by"": ""collateral""}"
APP_0175,51,135786,0,85402,12,9640,deposit,1,607,11658,212757,0.0858556846803051,8.859128630704475,0.1128779185499155,0.0524121288847172,0.0,False,:43:17,0,0.0858556846803051,8,0,1,85402,12,0.00253192610309993,denied,credit_score_vs_dti,Score=0.003 with DTI=0.09 and CS=607,"{""ndi_value_ok"": true, ""ndi_ratio_ok"": true}",,"{""type"": ""consolidation"", ""consolidate_amount"": 11658.0, ""term_months"": 36, ""apr"": 0.12, ""est_monthly"": 362.69, ""secured_by"": ""collateral""}"
APP_0176,41,36808,11,95363,24,73060,deposit,1,327,38129,297212,1.03588893718754,1.30526964139062,0.7661252267650895,0.1079509436309407,0.0,False,:43:17,11,1.03588893718754,18,0,0,95363,24,4.203883545790095e-105,denied,credit_score_vs_dti,Score=0.000 with DTI=1.04 and CS=327,"{""ndi_value_ok"": true, ""ndi_ratio_ok"": true}",,
APP_0177,52,117077,27,45261,12,68761,deposit,0,812,5262,257574,0.044944779931156,0.6582365003417538,1.5192107995845978,0.0322159775163837,0.4958749844594236,False,:43:17,27,0.044944779931156,20,0,3,45261,12,1.0,approved,credit_score_vs_dti,Score=1.000 with DTI=0.04 and CS=812,"{""ndi_value_ok"": true, ""ndi_ratio_ok"": true}","{""type"": ""standard"", ""amount"": 45261.0, ""term_months"": 12, ""apr"": 0.1, ""est_monthly"": 4148.93}",
APP_0178,28,118348,15,16255,48,44787,deposit,0,488,24030,49791,0.2030452563625899,0.3629401388795775,2.755275299907551,0.0028614411170976,1.3988749766509672,False,:43:17,15,0.2030452563625899,9,0,4,16255,48,1.3054526996457818e-48,denied,credit_score_vs_dti,Score=0.000 with DTI=0.20 and CS=488,"{""ndi_value_ok"": true, ""ndi_ratio_ok"": true}",,"{""type"": ""consolidation"", ""consolidate_amount"": 24030.0, ""term_months"": 36, ""apr"": 0.12, ""est_monthly"": 747.6, ""secured_by"": ""collateral""}"
APP_0179,60,72498,26,30741,36,57760,land,0,331,31311,296444,0.4318877762145103,0.5322195290858633,1.878923912689832,0.0117784858429602,0.4993274185764922,False,:43:17,26,0.4318877762145103,20,0,4,30741,36,1.213059688793791e-107,denied,credit_score_vs_dti,Score=0.000 with DTI=0.43 and CS=331,"{""ndi_value_ok"": true, ""ndi_ratio_ok"": true}",,"{""type"": ""consolidation"", ""consolidate_amount"": 31311.0, ""term_months"": 36, ""apr"": 0.12, ""est_monthly"": 974.12, ""secured_by"": ""collateral""}"
APP_0180,43,57807,3,85800,48,12766,land,0,736,22822,199526,0.3947964779351913,6.720977596740817,0.148787878787877,0.030921860673668,0.0,False,:43:17,3,0.3947964779351913,5,0,2,85800,48,1.0,approved,credit_score_vs_dti,Score=1.000 with DTI=0.39 and CS=736,"{""ndi_value_ok"": true, ""ndi_ratio_ok"": true}","{""type"": ""standard"", ""amount"": 85800.0, ""term_months"": 48, ""apr"": 0.1, ""est_monthly"": 1966.25}",
APP_0181,62,25663,2,88403,48,124728,deposit,0,661,34991,62074,1.3634804972138346,0.708766275415298,1.410902344943029,0.0717659340929831,0.0,False,:43:17,2,1.3634804972138346,7,0,2,88403,48,0.9999999999999998,approved,credit_score_vs_dti,Score=1.000 with DTI=1.36 and CS=661,"{""ndi_value_ok"": true, ""ndi_ratio_ok"": true}","{""type"": ""standard"", ""amount"": 88403.0, ""term_months"": 48, ""apr"": 0.1, ""est_monthly"": 2025.9}",
APP_0182,27,142101,25,65522,60,186072,car,0,642,12011,140131,0.0845243875834787,0.3521325078464232,2.8398400537223707,0.0076849095595043,1.6843286999299512,False,:43:17,25,0.0845243875834787,0,0,2,65522,60,0.9999999969287925,approved,credit_score_vs_dti,Score=1.000 with DTI=0.08 and CS=642,"{""ndi_value_ok"": true, ""ndi_ratio_ok"": true}","{""type"": ""standard"", ""amount"": 65522.0, ""term_months"": 60, ""apr"": 0.1, ""est_monthly"": 1201.24}",
APP_0183,42,143466,3,16660,48,140633,car,1,329,30311,276185,0.2112765393891221,0.1184643718046253,8.44135654261654,0.002419272394338,2.0858634939661203,False,:43:17,3,0.2112765393891221,8,0,0,16660,48,7.151044167469815e-108,denied,credit_score_vs_dti,Score=0.000 with DTI=0.21 and CS=329,"{""ndi_value_ok"": true, ""ndi_ratio_ok"": true}",,
APP_0184,51,55121,1,16582,48,94055,deposit,0,712,32240,123946,0.5848950490738452,0.1763011004199651,5.672114340851183,0.006267272606196,1.0257644738642944,False,:43:17,1,0.5848950490738452,6,0,2,16582,48,1.0,approved,credit_score_vs_dti,Score=1.000 with DTI=0.58 and CS=712,"{""ndi_value_ok"": true, ""ndi_ratio_ok"": true}","{""type"": ""standard"", ""amount"": 16582.0, ""term_months"": 48, ""apr"": 0.12, ""est_monthly"": 386.91}",
APP_0185,42,28988,12,50426,48,88691,car,0,650,31689,63254,1.0931764868220957,0.5685582528103126,1.7588347281164132,0.036240570810154,0.0,False,:43:17,12,1.0931764868220957,24,1,1,50426,48,0.9999999993425297,approved,credit_score_vs_dti,Score=1.000 with DTI=1.09 and CS=650,"{""ndi_value_ok"": true, ""ndi_ratio_ok"": true}","{""type"": ""standard"", ""amount"": 50426.0, ""term_months"": 48, ""apr"": 0.1, ""est_monthly"": 1155.6}",
APP_0186,40,40344,27,60884,48,67046,house,0,736,14466,263774,0.3585663295657258,0.9080929511081808,1.1012088561855151,0.0314400323874729,0.0649187681035496,False,:43:17,27,0.3585663295657258,26,0,1,60884,48,1.0,approved,credit_score_vs_dti,Score=1.000 with DTI=0.36 and CS=736,"{""ndi_value_ok"": true, ""ndi_ratio_ok"": true}","{""type"": ""standard"", ""amount"": 60884.0, ""term_months"": 48, ""apr"": 0.1, ""est_monthly"": 1395.26}",
APP_0187,28,33455,20,8075,48,35341,land,0,755,15269,286362,0.4564041249439409,0.2284881582298116,4.37659442724404,0.0050285208986147,1.2581719642295317,False,:43:17,20,0.4564041249439409,26,0,4,8075,48,1.0,approved,credit_score_vs_dti,Score=1.000 with DTI=0.46 and CS=755,"{""ndi_value_ok"": true, ""ndi_ratio_ok"": true}","{""type"": ""standard"", ""amount"": 8075.0, ""term_months"": 48, ""apr"": 0.12, ""est_monthly"": 188.42}",
APP_0188,37,128889,2,70179,24,122907,car,0,416,12890,292922,0.1000085344754005,0.5709927017989165,1.7513358697045875,0.0226871571652983,0.6761958704766515,False,:43:17,2,0.1000085344754005,29,1,0,70179,24,1.0776504698316009e-73,denied,credit_score_vs_dti,Score=0.000 with DTI=0.10 and CS=416,"{""ndi_value_ok"": true, ""ndi_ratio_ok"": true}",,
APP_0189,31,136488,25,56728,24,116772,deposit,0,415,23088,287155,0.1691577281519242,0.4858013907443523,2.058454378789979,0.0173177617561116,0.8794086407214319,False,:43:17,25,0.1691577281519242,18,0,3,56728,24,9.17245110503533e-75,denied,credit_score_vs_dti,Score=0.000 with DTI=0.17 and CS=415,"{""ndi_value_ok"": true, ""ndi_ratio_ok"": true}",,"{""type"": ""consolidation"", ""consolidate_amount"": 23088.0, ""term_months"": 36, ""apr"": 0.12, ""est_monthly"": 718.29, ""secured_by"": ""collateral""}"
APP_0190,34,44160,25,6168,60,9404,deposit,0,808,29298,263129,0.6634510869565068,0.655891110165817,1.5246433203629175,0.0023278985506857,0.1765681392037595,False,:43:17,25,0.6634510869565068,13,0,3,6168,60,1.0,approved,credit_score_vs_dti,Score=1.000 with DTI=0.66 and CS=808,"{""ndi_value_ok"": true, ""ndi_ratio_ok"": true}","{""type"": ""standard"", ""amount"": 6168.0, ""term_months"": 60, ""apr"": 0.12, ""est_monthly"": 115.14}",
APP_0191,51,118342,24,14089,36,87780,car,0,592,18126,141801,0.1531662469790932,0.1605035315561613,6.2303925047905295,0.0033070347898483,2.13274183506028,False,:43:17,24,0.1531662469790932,17,0,4,14089,36,9.09814499371888e-14,denied,credit_score_vs_dti,Score=0.000 with DTI=0.15 and CS=592,"{""ndi_value_ok"": true, ""ndi_ratio_ok"": true}",,"{""type"": ""consolidation"", ""consolidate_amount"": 18126.0, ""term_months"": 36, ""apr"": 0.12, ""est_monthly"": 563.92, ""secured_by"": ""collateral""}"
APP_0192,48,47408,27,48160,48,61380,land,2,540,20499,65767,0.432395376307787,0.7846203975236106,1.2745016611295417,0.0211637979520842,0.1558084120683418,False,:43:17,27,0.432395376307787,11,0,1,48160,48,6.721843023865101e-30,denied,credit_score_vs_dti,Score=0.000 with DTI=0.43 and CS=540,"{""ndi_value_ok"": true, ""ndi_ratio_ok"": true}",,"{""type"": ""consolidation"", ""consolidate_amount"": 20499.0, ""term_months"": 48, ""apr"": 0.14, ""est_monthly"": 486.85, ""secured_by"": ""collateral""}"
APP_0193,47,70901,7,73645,24,40694,deposit,0,457,14320,188975,0.2019717634448004,1.809726249569917,0.5525697603367431,0.0432792438264448,0.0,False,:43:17,7,0.2019717634448004,14,0,1,73645,24,2.2633742914674454e-58,denied,credit_score_vs_dti,Score=0.000 with DTI=0.20 and CS=457,"{""ndi_value_ok"": true, ""ndi_ratio_ok"": true}",,"{""type"": ""consolidation"", ""consolidate_amount"": 14320.0, ""term_months"": 36, ""apr"": 0.12, ""est_monthly"": 445.51, ""secured_by"": ""collateral""}"
APP_0194,36,99922,29,83412,36,142982,land,0,651,10942,74031,0.1095054142230929,0.5833741310094936,1.7141658274588585,0.0231880867069876,0.6359608026990149,False,:43:17,29,0.1095054142230929,8,0,4,83412,36,0.9999999999999447,approved,credit_score_vs_dti,Score=1.000 with DTI=0.11 and CS=651,"{""ndi_value_ok"": true, ""ndi_ratio_ok"": true}","{""type"": ""standard"", ""amount"": 83412.0, ""term_months"": 36, ""apr"": 0.1, ""est_monthly"": 2548.7}",
APP_0195,63,114990,9,45973,48,108958,house,1,714,32871,147215,0.2858596399686904,0.4219332219754362,2.370043286276676,0.0083291663041427,0.9784032057201262,False,:43:17,9,0.2858596399686904,20,0,0,45973,48,1.0,approved,credit_score_vs_dti,Score=1.000 with DTI=0.29 and CS=714,"{""ndi_value_ok"": true, ""ndi_ratio_ok"": true}","{""type"": ""standard"", ""amount"": 45973.0, ""term_months"": 48, ""apr"": 0.1, ""est_monthly"": 1053.55}",
APP_0196,24,134320,24,33059,48,129683,land,1,301,40802,200261,0.3037671232876689,0.2549216165572954,3.9227744335883146,0.0051275250644156,1.5562441988414624,False,:43:17,24,0.3037671232876689,28,0,0,33059,48,1.6434771011152559e-115,denied,credit_score_vs_dti,Score=0.000 with DTI=0.30 and CS=301,"{""ndi_value_ok"": true, ""ndi_ratio_ok"": true}",,
APP_0197,36,30598,17,96989,48,144988,land,0,603,14535,284508,0.4750310477808852,0.6689450161392622,1.4948911732258143,0.0660371320551835,0.2598025006708531,False,:43:17,17,0.4750310477808852,4,0,3,96989,48,3.780086304197628e-08,denied,credit_score_vs_dti,Score=0.000 with DTI=0.48 and CS=603,"{""ndi_value_ok"": true, ""ndi_ratio_ok"": true}",,"{""type"": ""consolidation"", ""consolidate_amount"": 14535.0, ""term_months"": 48, ""apr"": 0.14, ""est_monthly"": 345.21, ""secured_by"": ""collateral""}"
APP_0198,26,49554,23,48562,36,196506,land,0,846,43028,93834,0.8683052831254618,0.2471273141787006,4.04649726123298,0.02722170651021,0.2974480656054273,False,:43:17,23,0.8683052831254618,1,0,2,48562,36,1.0,approved,credit_score_vs_dti,Score=1.000 with DTI=0.87 and CS=846,"{""ndi_value_ok"": true, ""ndi_ratio_ok"": true}","{""type"": ""standard"", ""amount"": 48562.0, ""term_months"": 36, ""apr"": 0.1, ""est_monthly"": 1483.84}",
APP_0199,35,60063,18,34962,72,162130,house,0,454,28548,83055,0.4753009340192718,0.2156417689508406,4.637320519420953,0.0080845667603446,1.2346560936773705,False,:43:17,18,0.4753009340192718,11,0,2,34962,72,1.1208392718460555e-61,denied,credit_score_vs_dti,Score=0.000 with DTI=0.48 and CS=454,"{""ndi_value_ok"": true, ""ndi_ratio_ok"": true}",,"{""type"": ""consolidation"", ""consolidate_amount"": 28548.0, ""term_months"": 36, ""apr"": 0.12, ""est_monthly"": 888.16, ""secured_by"": ""collateral""}"
APP_0200,63,63790,19,47019,48,127108,car,0,454,8384,223070,0.1314312588179945,0.3699137741133495,2.7033326952933345,0.0153560511048687,1.4794615349651097,False,:43:17,19,0.1314312588179945,12,0,2,47019,48,1.3831918872741554e-62,denied,credit_score_vs_dti,Score=0.000 with DTI=0.13 and CS=454,"{""ndi_value_ok"": true, ""ndi_ratio_ok"": true}",,"{""type"": ""consolidation"", ""consolidate_amount"": 8384.0, ""term_months"": 36, ""apr"": 0.12, ""est_monthly"": 260.84, ""secured_by"": ""collateral""}"
